5080073
5395180
2993051
5804401
5981056
3465075
3273285
3771707
3938784
5446100
5159161
5422450
4830375
4451284
3456001
5361236
5003029
3750708
3161903
2870959
4992973
3263543
3743593
4855553
5429773
5851182
3924149
5399669
4216664
3918463
3989325
3475529
4757040
5926943
2511725
5024728
4769200
3901364
3226879
4033197
4670199
4521991
5425731
5458043
5517829
4127325
2930107
3932157
3042271
4371740
3414768
5812318
3893059
5663288
4795980
5728557
3139886
3117772
3494153
5742164
5849420
3697358
4584754
4546806
3852254
4321428
2630125
3191970
3559580
3263429
5743281
2958519
5795663
5053857
4002797
4266425
5521561
3735746
5399166
5331055
4475814
4383577
5291981
3617225
5936640
4929697
3601778
4099574
5436335
4075143
2617849
5095049
4194948
3854677
3172924
3876360
3229266
2790506
5611401
4003807
3576070
5423704
4186386
3377769
2762690
2988091
3148652
5790275
3169450
4892090
3881607
4428561
2644870
4084019
4366016
2977828
5543662
4522861
5480932
3910193
3850071
4223345
2688885
5187523
5345706
2623016
5853307
5798581
4514068
2963301
5621909
4941806
4762934
2765357
2622846
3890119
3024095
5559179
3917896
4370008
3841690
4249892
3420705
5153455
5129408
5148911
5512503
4888489
3193402
3815135
5332477
4701675
4922946
3311799
5426796
5747577
2511710
4413324
3421408
3450282
5724871
3431681
3795980
4304145
3080846
5961588
3946693
5309417
4347866
4947172
4368346
3848430
3557478
5668720
5338784
3837787
4965844
4838042
5698329
3947161
4262908
3558486
5269075
2820643
5777381
5051493
3119366
4267855
2578262
4751622
2917398
5938086
4081790
5089597
4130390
3901214
5567518
5185971
3052529
4180053
4047071
4653882
2889754
5863778
5035936
3372100
2643461
3674320
4637327
5063846
3324567
4889727
5352923
5957825
4913904
4932847
4709402
5264547
3345934
3178034
2961375
5034724
4838589
4630095
2866119
3510219
3240006
3263554
5181966
2938857
4094004
4460001
4521359
2509977
5428408
3855556
4028938
3770714
5325687
2551173
3012142
2714500
5807281
4618617
4079638
3593924
5523602
4086894
3445340
4975213
2945367
2731649
4425274
5719184
5591256
4875312
2951242
3973992
2768195
4377436
3360484
5849416
5314008
5972034
5779332
4888793
4344804
4503182
2633631
3765124
5309157
5089716
4669426
3780813
4935800
5823676
3084074
4620886
2697740
5165997
4671948
5999599
5520078
5855401
5692538
5094895
2584847
3062360
3423114
4191472
3189652
3110856
4460370
5627747
5644048
5556416
4849844
5453692
4174839
5160115
4998419
3658218
5159368
5559443
5351479
2843657
5588728
5541454
5451811
5577836
4667153
5109608
5010151
4967018
3109836
5504233
4937401
5148315
4130600
3975709
2775603
4560053
3243736
5458188
3321858
4548406
2820337
4305485
4597193
5497541
5948241
5655494
4932124
4179207
3016283
2990502
2677548
5379531
3914584
3095302
3355191
3453856
4909774
3390689
5038967
3535587
3480587
4295461
2965825
2921191
3024779
5538729
4547295
3165896
3201470
4592579
5201403
5231465
3997918
2808474
5727877
2814700
5187559
2963687
4595391
4567797
3213091
2959781
4220620
5783571
3832955
5883704
3196030
4265386
4948504
3883821
3057896
3494524
3950199
2523896
3173866
5179930
3724052
4403490
4582483
4049018
5168316
4924332
3213039
3898145
2859701
5521291
5836575
3252562
2920780
3305902
2638584
2569313
5528508
3493147
3546190
3256532
3652184
3488863
4139134
2549185
2961230
5453507
5335023
2607761
4664818
2551072
2582716
3333468
2756682
4105175
5180453
4627203
5406659
3039692
3362191
2542354
3219678
5000192
2849179
2745312
3353746
4783052
4307978
4583933
3149085
5233943
5838026
5540043
4338476
3099091
5886595
2954277
4791148
3723911
3470998
3298778
3497509
4490940
4653513
3345060
3519333
3567688
3813274
3195694
4260628
4813638
3630204
2699133
5049810
5444273
2584607
4134691
4359023
4552484
3534314
2710039
5212700
4967571
3326971
2751676
5091218
4943541
4848728
3888782
3389302
3645060
5238838
2528438
4370852
4669945
3231858
4921808
4122605
3420270
4570673
5226494
4032194
4913146
4080411
5352365
3955427
4363386
5077487
2791453
2507236
4189299
3056408
3048845
3236887
5699451
5578167
3166858
3519254
2828747
2790231
5865160
2889291
5517963
5504236
4044279
5164787
3415590
4996266
3092818
5281058
3678755
5445817
5717907
5310578
5522104
4257239
4668913
3637333
3530097
3982761
3449271
3309974
4235835
4509913
2521548
5295329
5603750
5663455
3727207
3870929
5688327
4617286
4444889
5571026
4333998
4346988
4120829
4207797
5475259
3350828
5504929
2645919
3412667
4241807
5477078
3227379
2590113
4859935
4239878
4252055
5292637
5638203
4259164
3047122
5099537
3392989
4467417
4120092
5693186
4221675
3340322
4323418
3266310
5892596
2845482
2934240
2884986
4697879
5643447
4875506
4248048
2522881
5401485
3393030
3300759
3319418
5025982
2595205
4299625
3050846
5702125
2596758
5957401
5906741
5736906
3468854
3311327
3914821
3472597
5073246
4991257
5193913
4168537
5713231
3651617
5316218
2824444
3034015
2640140
3913087
3397584
3095444
5242582
5887381
4586282
5599371
3447458
5207801
4722717
5071496
5467821
3243944
5241655
4013457
2735465
2624784
3833853
5088937
3607225
3736427
5163394
3728709
3564353
4282303
5479278
2792081
3533393
5838670
3770530
5700770
3392666
4685411
4084117
3803967
5270901
4985594
5494493
5829776
3661332
4466984
5370483
5511979
2876929
5847538
3639408
3472261
2885636
4199553
2825584
2662569
3210315
4093318
2874297
4859257
5853405
5744035
5216372
5066124
4366687
3676643
5586457
5863323
5534277
4772833
3837380
5444008
5027674
3745535
5204678
4966417
4681388
5025489
4893336
5905748
4852975
5414566
5421573
5862104
5469623
5232807
5307802
3217286
3836159
3157510
2530770
3572306
4522736
3531360
4754398
4708225
4422860
5373105
3840113
5566553
5254390
5392059
3841839
3757243
4272246
5152996
2969021
4288806
5286929
3608366
2576669
2999085
3007814
4198192
5256316
5646468
5618902
4232396
4117825
2611151
3367792
5134704
2954060
2764959
5195274
5890194
4134941
4522817
3811263
2522378
3548968
3749035
4908767
2850227
3632732
4361398
4362819
3862516
2556224
5627196
4762560
3311434
5689509
5927601
3718331
5866142
4597545
5894078
4755156
5066952
3575543
3812516
2571446
3455012
5953782
2762590
4993222
5593709
5306728
4269023
3777364
5616805
4947997
3779082
5368946
5882908
4643741
5346640
3029152
5790340
3337257
5972249
4788253
2619003
3467929
5810061
5785684
3073494
2810147
3574640
3088466
4650989
2581004
5235472
5180790
4425043
2717085
5831750
3243442
4943011
3185904
3304295
5896271
2747207
3335518
3284689
3766792
4701460
4567913
5969408
5452227
4997219
2623861
3228599
5184512
4200777
2660902
5751896
3477256
3929767
3370195
4573257
5901863
5489880
3574559
3460222
5167474
3644119
4639059
3388934
3098352
4259601
4580866
5610350
3153957
4802963
5430862
4576721
4971021
5337665
4964596
5560499
4888555
3357539
2684375
5775192
2674209
4740998
2934216
5164721
3356946
4248656
4628022
3040751
3636488
5277455
3579041
2808845
2847149
3059437
2658521
5829959
4455396
5065837
5655966
5032143
3222708
4819329
5848344
3142940
2567868
5322722
3648587
3642016
5963302
5185532
3417909
5722339
3913668
3760460
3713385
3638885
5726174
2780923
4341719
3634073
2502895
2850783
3287282
5050520
4004506
3906694
4223236
3393989
4049065
5333472
2751491
5838067
5436833
5675742
5867206
3390872
4122198
2741288
3144842
5819134
4337173
3584773
4754712
3254868
4893000
5478229
4134121
4416485
5279345
3907122
3331773
5413030
2990920
3030223
4201993
3080138
5442584
3836526
3424604
2900826
2919184
5160188
5757253
5685229
3992737
4122364
4690646
3741687
5920383
4499383
3004452
4398818
5983024
5655033
2633392
3530896
3553522
4853150
5503475
4095358
4263441
2818806
2819813
3238416
2566284
5207518
3068381
4772627
4431618
2626498
4748447
4872924
3514870
5633506
5148800
5879532
2874656
3022463
3774420
3784526
5945375
5668306
5878412
5701897
4620216
5083471
5551356
2646409
3795447
5380796
4941985
4006837
5059196
3727244
4502374
2714849
5109081
4057898
5754915
2708421
3561220
4279246
2555648
3701126
3477482
4105440
4284430
3971901
5359383
5439407
5581237
5871224
5599348
3458966
3251114
5801301
4478834
3153224
4978757
2789558
3427304
4121982
2926117
3760529
3756702
3145455
3636275
5461802
3498342
5107593
3960825
4460979
3075369
5636773
4397506
4464828
5444421
5031271
5819723
4165856
4360374
4808399
3535837
4527065
4015714
4496090
4697805
2989047
3710802
4986780
5217901
2584417
5040625
3047860
3370578
3614982
3213228
5660122
5926161
5604000
3175052
3405448
2768580
3585774
3997465
4133649
2570896
3876254
4531070
5535122
5702789
4881921
5614238
4247542
5335876
5729403
5303784
5928753
3234389
3144273
4012866
3895700
2861313
4119061
5770184
3177549
2927854
5851756
4231708
5490497
2792568
5012745
5414270
4184771
3812159
2672262
4235255
4206618
2775486
4783629
2568928
5592350
5153800
2668576
5005965
3508501
2949677
5730018
4744075
5209065
3750130
2719575
5430482
3611113
3445951
3707955
4061948
4864454
5561088
2966179
4018907
5175953
3518300
5600911
5635189
5207676
3829724
4040117
3125378
3686751
2689257
3945789
4889844
4139773
5925476
5483487
3729607
2723072
4526960
4488184
5736623
5439201
2827881
4262774
3162079
2506742
4296924
2828252
4920580
5060326
3422125
4633135
5787084
2625842
4854727
3425650
3534736
5929828
2731571
4889612
3850923
5562133
4868400
3634929
4550841
2658420
5457697
2761730
4832435
3308363
5464803
5563159
4481421
4506138
5526303
3071263
4777551
4860994
3188612
2669143
5525703
3896611
3676860
2607083
3653677
5007008
4254741
2876404
3444548
3409673
2858556
5933408
4227022
5126042
3568327
2867741
3949322
3005002
3301269
3355270
5239464
5003411
3496566
2970006
2575632
4487788
4932553
5890006
3197724
5702328
5443279
4783251
4927347
4459793
5995828
5625995
4806408
2607053
3032240
4621624
4064959
5900304
2839143
2589178
4488515
5979287
3126640
3065456
5491188
4224001
5288143
4640376
4293243
4708853
2561796
4204513
2753366
5887373
5228958
2951326
4686271
4661524
4138272
4329239
3769703
3793424
2520281
5976341
3865099
3682579
2917436
3900180
4659463
3636861
2877278
4880295
5727959
4983327
4398068
4866561
4548245
5270980
3421206
5649539
2861294
5152368
4586718
4491955
4013943
5649153
3199352
5154944
2938976
2875709
2811723
5005278
3386368
5911388
4289274
5862346
5951678
5780924
5114600
5644118
3292749
3567269
4115192
2882794
3160330
3725653
3369526
5700609
5350291
4999758
3808270
4414158
5034799
3422092
4334114
4719817
2947189
3334807
4761749
2559705
2746174
3080397
4600069
2848704
5320188
4767169
5711530
5052763
3183425
4097234
5030438
2572988
5153535
3966901
2747784
4381304
2898496
4057710
4397875
4906784
3862662
3971092
2576387
3651144
3977056
5960825
4226303
2663242
2595703
3315319
3199987
5739638
5054968
3261696
5109296
3190887
3466526
5229827
4530884
3729285
5347997
5772091
4204730
4887067
5135334
4153389
2576495
4004499
4963906
4699878
2588899
4839619
3169386
4676128
5194274
5586585
5353344
4373136
5615064
3677214
3218300
5049462
4173299
4528426
2728528
3754689
3712672
4373535
5225406
2665960
2955864
4711602
3112152
5663102
5585607
4000065
2526571
2888755
4806517
5486781
4630561
3281431
5985905
5942360
3112018
3159472
3074214
5652843
3964367
2586269
3593994
2553616
5534869
5925851
4023393
4197910
3392879
5966597
4692389
3328288
4710064
3101477
4811417
3066367
3560920
3258919
3919445
3606245
4150477
3084409
2573594
5243706
5105057
2630759
3117974
3654589
4808719
5819518
4874841
4238804
5768551
4966301
4587225
4941765
3608288
4063208
4957327
3048139
4055868
3563472
5553090
4217565
3090142
5074831
3157246
4170492
5586882
4356028
3216571
3800844
5686928
5221335
3198083
2899767
5839881
5332646
2603967
3446174
4824692
3537109
5676691
4903206
2988599
2828528
5640175
3383308
3231846
2630140
2589876
3719096
3577965
3531785
3315156
5366380
3484372
3904248
3343118
5333936
4342171
4212542
2600886
5022288
2997448
4704061
3547850
5652410
4315614
3082344
5204165
2731750
4225160
5027900
5993767
4919969
4280750
5202414
3030632
3012754
3014347
4045098
5695524
4072012
2615119
3224289
3609490
5426661
2602046
3145484
5109279
5439727
3336803
4059052
5698629
3622991
2865765
4086150
4663763
3935548
5507393
4440076
4338399
3117884
5435083
4689541
5775479
5375865
4566052
2662488
4728030
5833613
3269241
5733281
4126147
2925106
2705288
4037688
5936254
2688600
4974362
3826919
3148447
5164586
5542434
2691490
4799213
5531363
2554236
3463956
2567270
2623977
5390416
4521683
3787194
5365232
5962920
2877033
3036824
3700193
3798226
4247757
5116953
2500304
5553588
5458460
5161728
4577432
2940956
5717827
4725414
5041805
3168628
3336010
5877246
5084783
4680912
5883471
5300841
4710587
3208401
5203809
5135327
5533014
2924236
3551643
4215436
2652162
3239459
5849161
3722103
3923625
5671086
4344878
5838641
3969465
3237047
4516523
5823492
2678795
4115611
4413524
4177319
5698676
5918166
5187953
5191454
2700000
2827438
4126132
5765198
5080431
3363167
4116487
4488765
5847909
4493408
4399202
5987867
2801059
4025858
5025828
3573968
5856696
5966310
2893651
3989530
3799339
3065553
4694314
3142740
3682117
4011777
4646606
3696133
5936893
5683217
3806030
5735645
5443667
5505038
5015994
4230461
4761454
4249316
3884063
5332308
3116236
4398120
3666449
4707702
5437981
3672480
4952795
3948198
3059159
2767606
5718480
4444355
5336726
5081023
4573554
3235868
4424700
2710168
5274004
4739032
4104314
5577640
2695959
3869418
4379966
5574068
4053242
4785706
5118826
3888151
5187532
5254576
2536889
3071519
3741970
4205665
2996527
3531278
5713493
2752814
5288994
5271292
3006168
5941659
5870469
4535944
5121795
3399924
3796244
3112255
5600771
3847953
2850944
3752511
3883533
3570504
4965536
4962601
5576707
4136158
3488381
2600108
3115235
5394055
2848134
5936746
5834326
3079631
5840999
5443370
5234293
5957719
5735236
4170533
2722989
2503296
5316257
4435025
3290628
2558468
4495797
4100045
4309633
3791276
4335732
3716583
3888109
2652904
5512839
3077986
3066971
3100779
4346412
5524648
4679434
5674895
5957047
5130201
5267969
3724997
5628160
3678074
5003023
3195186
5856021
4165291
3665641
3188656
5740098
3081995
3894076
3813067
3018453
4670210
4255332
3117034
5191633
4061945
3892662
4526936
3992094
3700025
4163495
5753203
4291074
5496167
4201507
4153972
4912282
4073592
5035320
4626903
5721103
5002509
5244919
4868833
3162789
3944719
4578600
4716738
3032352
2833726
4310517
2720227
3525722
4948876
5208269
3925853
3942395
3208115
3991083
4693481
5982409
2578365
5613677
3693619
4802010
5741996
4633691
5349098
3928024
4162963
4988890
2554356
2522155
4163574
2794406
5619830
4496799
2681751
3216724
2896909
3952499
2545751
2511044
4936812
4965763
5241436
4614562
4700836
5053947
4841698
4579568
3357720
5138380
5072712
3766746
5084896
2902045
4177234
2552340
4125313
5543384
2567782
3909801
3409008
5159399
3699992
5939848
4219561
4645282
5456322
2561856
3009562
3063974
5241797
3896378
4615661
4569251
3382982
3430723
4851648
4260286
4494890
4885768
5256744
2861285
3676344
4230945
3010162
5573292
3287756
5011699
4426751
3191270
3942148
3958490
4954417
4420320
4877876
5095458
4109356
4177427
3219787
3922642
4761297
3969289
3558233
2818982
4454902
4251785
3125236
4549097
4882125
3518306
5104708
5671545
5169711
4162825
3024054
5772696
4665833
4301082
3196863
4018592
2812003
4793612
4523503
4163239
4544484
3575614
2578807
3322356
3076124
4489026
3782694
4706571
4111141
3049001
3291004
4098522
4100349
2942686
3957354
3537869
5123295
2658877
5782823
5968653
4032586
3901804
4818464
2957500
5964724
3258795
4937001
2938348
3289517
5528595
3802799
2630323
4191000
3722976
4197854
4588262
2625502
2917526
2759587
2704689
2670006
3416458
5566122
3932137
2866054
3835506
4654818
5025348
5297876
2699757
5621538
4187349
3798906
3811626
2569455
4565848
5446999
5422707
3292558
4098588
4890420
5859465
3890699
2596238
4232795
4060339
4280108
4645366
4210640
3901754
4355077
3928067
4962468
3954358
4725553
5472755
2699499
4913397
2544995
4793087
3708718
3829237
5019160
3760470
3668848
2889187
2915041
4267244
5528400
5626216
5018719
5177067
5348993
5919202
4570553
3080974
2869672
5588121
3640132
2704755
3700675
5105787
4456809
3636496
5652577
4006069
2661395
3923193
2617272
5729869
4382120
5411482
2676912
4462396
4682779
5888198
5346720
3680480
5500745
3239194
2825363
5185092
2666972
4925650
5846500
5429276
2569723
3767787
5059988
4272140
5846537
5935605
4950843
3922461
4108827
5845228
3227307
3099313
4676368
4957047
4667907
3518792
5355386
4137589
3081815
4311870
2665206
5855859
4187507
5612315
4849568
5650715
2884422
2988465
5111086
5691247
5359500
5547681
5787297
5276722
3599144
4373779
2715311
5512310
5471578
2767634
5454710
4242191
3859423
5005936
4564957
5031906
5993416
5410574
5253716
3725933
3531441
5968594
3003556
4409539
4328077
3679786
2567361
4357322
5101472
5839283
5870241
4773837
3874363
5244412
3628164
5519079
4882177
4845904
5630923
4573041
4227696
3692051
4014329
3389731
4037042
5812324
5903219
5062146
5253971
4001715
4365926
5329680
2645492
4213210
5446837
5274434
4902063
2605086
5891475
5991767
4240985
3235645
5427744
4065044
3801782
4817510
3189114
4778097
2634431
5389624
2973051
2534962
2680202
4748657
4309205
3172580
3407280
3524364
4125953
4440341
2682122
4299618
5346286
3571492
5420405
5988560
3213264
3993299
4146583
5528694
2787450
4318354
4548068
2688008
3876725
3800631
5395668
4832912
4443150
4309422
3948736
3856113
4550881
5457978
5780407
4003111
3257628
4478064
3061404
4252506
4582284
3293788
5129890
4700386
3390409
4566174
2561103
4005996
5422970
2634135
4077532
2638226
3133403
4593147
4647625
5601586
3644981
5029535
4945285
3345693
3556497
5213037
4038840
4521500
4429212
5403582
2863119
4667881
4773727
3568198
5138984
4687255
3687192
4784921
4397652
4794894
4793403
4601599
4677474
3928766
4071405
5653859
3194229
5860701
5551766
5670854
4818722
5110373
3994590
2863233
5078539
4625999
2610651
4299191
2547029
5660781
5059960
3656490
3121134
3150892
3056352
3416739
4016213
5075232
3161495
2856030
4407596
4103437
2864434
5068506
5490330
3057149
2934783
2693666
5271890
3953848
5835507
4216875
3856472
2833333
5497066
2787916
5609002
3069093
4137111
5674174
3861970
5296619
4108749
5213452
2603697
2502001
4059417
3036999
5109952
5450095
4889845
5731642
4493207
3789836
3751263
3357674
2818731
4175318
5661965
2650412
5134505
4081494
2676694
5889901
4242098
5148306
3207377
3991859
4547592
5338277
3271631
4093157
4748397
4777348
5574075
3809986
5515776
5877852
5964631
3544860
5044676
2924346
4910423
2721960
2781211
2691139
4438548
3134842
3644898
3041555
5741738
4117689
3994905
3417265
4670088
3926664
4937667
5368017
5249517
4298378
5533805
4195820
3236609
5060616
2525341
4121898
3900352
5408396
2529681
5368596
5928815
4270209
4015725
5198918
3118821
4302785
4772672
3596947
2562653
3777936
4113846
5966528
4627891
3223929
4529170
3516726
3551109
4169666
2642860
4493418
4201788
4896840
3299081
4215525
3336916
2821175
5250441
3531155
3424033
4916473
2905663
4158099
3979458
5127770
4800559
3994727
5418904
3422202
4170993
2601211
5766814
4451257
2591648
5510560
2959456
5855698
5987513
2713414
5189481
5975116
2584397
5194463
3556505
3592237
2551573
4097422
4961222
2698940
4517639
4232359
3769299
4849641
5700983
3175461
5178483
3759952
5923032
3741795
3247824
5951217
5768312
4559915
3295078
4964392
4747182
2911582
5087251
4765571
5430346
4511835
5052901
5217705
4970644
5387790
5473528
3213156
4233926
2519482
5218613
4423230
5800878
2597273
4561671
3040809
5792074
2870715
5362270
2965959
2771176
4016940
5377878
5202987
3382413
4858064
3977904
4172824
3328750
3679293
3033006
5594167
4875514
5789827
5513524
4065804
4377433
3709244
4171637
3000754
3526217
2930119
5697032
5060852
3870706
3326436
2574872
2750340
2850883
4304567
4570372
3032118
4317230
5169263
2815306
3882950
4944478
3516606
5461811
3214236
3843792
2765182
2805836
5918173
4196827
5226040
5324161
5286592
3639805
2572957
3566283
4016170
5410527
3341000
4332086
4323177
3292875
2915024
4340923
2707404
2542256
4450281
4044435
3342930
5206127
2984774
4213473
3155057
4362525
5311784
2779342
2561127
5256367
5563249
4963227
2624590
3408669
5772521
4441209
3387845
4153913
3338705
5569232
2511128
3997337
4031747
3885055
4499473
5576682
5594575
2957553
5100260
2702684
4192070
4337064
4543665
5352745
3555652
5906723
4576871
3712143
4242430
5527855
2861686
2532664
3745519
4141689
2577962
3637052
4842969
5548028
2895224
3657283
4666890
5515338
2894637
5758203
5151903
3111280
3952204
2636440
4243130
5088503
5672393
4117659
5362591
5656669
3463959
2512048
2835933
5088591
4065598
3540122
4846918
4507330
5785087
4344957
5052150
4497391
3057561
3841035
2503596
4184139
4725016
3863116
5099992
4830795
3667188
5976315
2859170
3924346
5913064
4494278
4402986
3543447
4348162
5611678
4497618
3954433
5478251
3104979
4419165
5576500
3119993
5224992
3036865
3885244
4590933
3213882
3268590
3771442
4182942
3929763
5279957
4770836
5266108
5245516
5650181
3539465
2580699
3453277
5798016
3071458
2781609
5036150
3987917
4626989
4644990
4935592
3364139
3108759
3349551
2679354
5533146
3721968
4773500
4792814
5509340
3606856
2638466
3790546
3841094
4231902
4968003
2950019
3656177
5358614
4945944
5818364
5046640
4577262
5262987
4816879
3476033
3333972
3641054
5360863
3484567
4523410
4254502
5222649
4535535
4176784
3562639
5658478
2820391
3398502
5898198
2831451
3846824
2780401
2963898
5473271
3700251
2577451
5514011
4202845
5020888
2788190
5112318
5710378
5892146
5870496
4582293
3920478
4220111
3222721
3754257
3916207
5303318
5396574
5384874
4753945
4167817
5362790
4184855
2907378
5441649
3862815
5928398
2553510
4351005
3289232
3813860
5090187
5477355
2724504
4714699
3029575
5247548
3288343
5632941
3208986
4967416
3710061
3565613
4263683
3904462
2583177
5482693
4050978
5330657
3538893
3664877
5348744
3359936
4042093
2998721
4016629
3337996
3220094
5651714
4843263
4945617
3668680
3842766
5124240
3331419
5649764
4069740
3594884
3132519
5672772
4343809
5738798
5700841
3138654
4618876
5781969
5052868
5042335
4545505
5768772
4417569
4618753
2823478
3367272
4337777
4157527
4556405
5933923
4819248
3659822
3475857
5276515
3551253
3459619
4673839
3440163
3260094
5534692
3222063
5043095
5172652
2618056
5773333
5912857
3118891
4495513
4156338
2860486
3672094
3090909
5365744
4896972
2805657
2649869
4331079
5253767
5733350
5486360
3575625
4325308
2872168
3401560
3774987
3504625
3735334
4441599
3378693
3819050
4687661
4067636
5085446
4737328
4409853
3304823
4596302
4818085
5591690
3448560
4147041
2908732
5875646
5519054
4146582
4263685
2764588
4428576
3010677
4181764
4072016
5490451
2669598
3802446
4151295
3246481
4570133
4245312
5954111
5533639
5199971
5560401
4016217
5567952
2523154
5024503
3220399
4531042
5512444
3226587
4132629
3551395
2687741
4795826
4971928
4931751
3678393
5537130
3490613
3365334
2834852
3236460
3468358
2852317
3448693
5604632
5436582
3317595
5780206
5488447
4375275
4409069
3394966
4468024
3858049
5723553
5983773
4543386
2697790
2820692
3799478
3084617
5230894
3083924
4664373
3154843
5635975
4615937
3878156
4478726
3204612
5820272
2984427
3947014
4537343
4775269
3733810
4389058
5578659
5576251
4759083
4124001
2607172
5325881
5544349
3747488
4082135
3457867
4676079
5765426
4924125
4279519
3971978
4749979
4617251
5602360
3638511
5739442
3303505
3889916
4260641
5316751
3332430
2559643
3893214
5409765
5084823
3971120
5455161
2596505
5537206
5329634
4498844
4924149
4017911
4849076
2810605
3844191
2557973
3338979
2503512
5387366
3660086
2861016
3902694
5890355
3373943
4680130
4946689
3132990
4879905
2998423
4325441
5844001
4006293
3521144
4079691
3496452
3302014
4909846
3522533
4580601
5224620
4166798
3928712
4838829
4545824
2862912
2625139
3920843
5210124
5496036
2679553
2500968
4242848
5277018
2770375
5669414
3745085
3928033
5003912
3073927
4941782
4442044
5221866
5444122
4903924
5400948
4120599
2807880
3295457
5212925
2539735
4105372
5005332
4760656
5855771
4966649
4146908
3072429
3810350
4972890
5983588
3005463
3583169
5152215
3833691
2868533
3286918
5797865
5195218
3790351
4361519
4754727
3129943
2811951
5298628
5080122
5735396
4799510
5136447
2900307
5041449
4605013
3268984
4515599
4814837
2886969
4333436
5874605
3515508
3506348
3821721
2898673
5446955
5251156
4545424
2585481
4632482
5949222
5610193
3956465
5529307
5905686
2817795
4937999
5856215
3189222
2921336
5123580
4132658
3311321
3726869
5925071
4247226
5526617
4438357
4161160
2795724
4583403
5611133
3778648
5463871
4461546
4737529
3968989
4101991
5943745
3295529
4801875
3329070
5299720
3455149
4802070
3548203
4428251
5727957
4179982
4341671
4150912
4390191
5131401
3091706
3004025
3928566
5782930
3785338
2879246
3999968
5409407
5391981
3262160
5763896
2533782
4605716
3815725
3617134
3882639
3134241
2972437
5199839
5643318
5271557
4710014
3899285
5128682
3704112
3561770
4149968
5131421
4983216
5736186
3303782
5463445
3397271
3005251
4766088
2811819
2841349
4797598
3110823
4751521
3519561
2612284
3833788
3479109
5267216
4673122
3831233
5818188
2791312
4136621
3325888
3920939
3169400
5010525
5568890
3259069
3290207
4965205
5417415
4152101
4751279
2909970
2834651
3723112
3064529
3365961
5926775
3114183
5660913
5888260
2762768
4377940
5011127
4643255
3591253
2627065
5765654
4158739
4875133
3873510
4484966
3335455
3446156
3860296
5758713
4672996
4371392
5916895
5296792
4288704
4987729
3818722
5190457
4668687
2640779
4763587
2977998
3938294
3086327
5691853
4054648
2871479
5340205
5619850
3656714
4368832
4445352
4079917
2528472
3287610
5029402
4942293
4349608
4363450
4800796
2717916
3017362
3426368
5212574
4967237
4840435
2958524
5849395
4042344
5878202
3991644
4059739
5454736
5586911
5228248
5116174
3125105
3148473
3440724
4678832
4181212
3499826
3108837
3138807
5342997
4718543
5089652
3747766
4081727
3661543
3969468
4634267
4397628
2973340
4772345
5500595
4327378
5336950
5754976
4681865
3062173
2832936
3254179
3516152
5565713
4963465
5778444
4735737
3632168
4897647
4220532
2854190
4695020
2525063
4091518
2624312
4587397
2675529
5808000
4156158
4545723
3251572
4478933
4545358
5058781
2725771
5007998
5126600
2997332
5869414
4129838
4368923
3943693
5732673
3809136
4686520
4947015
4000697
4270467
3382557
5603149
4727988
5580951
5528407
5220863
2680775
3084562
4168249
3449669
4670022
5732093
3211788
2765356
2537604
3025593
3877262
4761519
5143986
4942065
3236229
2926667
3476463
3935443
4045703
4987115
3217765
5683836
4461972
3905083
4595306
3234300
3331392
5398531
3880166
3158426
5827599
3653457
4588561
4829373
3598015
5058427
2946826
4851041
3896501
3832703
2688351
4386787
4094965
4320765
5100990
5969229
3112936
4192612
5433215
4795020
3722695
4496274
5601583
2888253
3074259
3327787
4619714
4214068
2626275
4444565
5352049
2788345
3247891
5886992
5198566
5542606
5505312
5121508
5651150
5760412
4711654
2659891
5657969
2579552
2592713
4199946
4876222
4635388
4195757
2837572
5153433
2589015
5581484
3469325
3522535
4915045
3105357
3238461
4267340
3314065
4513941
2632585
5900150
3675378
4500838
4587109
4831556
3326508
4355492
3035348
4461919
3666756
3566611
5389155
2770694
4194643
5702540
4211444
3294058
4944819
4832226
4334132
4797581
3332283
5150426
3045038
2845242
4168939
4107911
4588134
2854442
3229370
3565565
4832365
2674768
5596101
3354519
4622889
2551276
3880098
5506004
5221164
4269591
3148169
5204579
3095548
4981996
5355507
5954181
3683989
3899013
3183476
5419453
5005677
3521453
3460874
2968590
3027171
2670052
3116205
4505479
4871390
3940250
4797768
3841890
5218007
4630263
3833725
3236716
4639446
3879611
4525504
3097231
5699208
3363117
5260320
4283745
4017404
5101399
3834388
4855777
4090803
2539148
4893842
4928595
5034136
4173372
3958082
5616798
4592027
4094924
4103826
5431757
5331367
3785835
4759294
4782759
4433392
4443217
3989423
2767327
4112518
4208635
5365886
2923517
4844986
5576660
4438801
3648329
5298833
2920316
3189255
5134329
3024852
3216400
4542294
4334681
3782837
4830802
4784760
5296226
2833624
4184147
4779573
3136700
2980286
4688721
2761577
5391405
3718444
3920455
3780722
2936717
5028634
5707352
2692987
3025366
2769156
4962592
3590631
3183356
5473318
5644247
5146946
2648780
5551170
5958536
2838171
3525586
5900298
2974619
3614315
4276192
5663981
2713803
3092529
4223062
2649018
4730570
2723462
4638040
3270133
2614415
4901020
5126467
4883198
2756731
5664353
3798649
3741690
2957046
5226292
2823800
5606003
4089340
2587322
5041747
4462500
3240268
5504165
2800424
4823784
5640273
4371007
2566789
2847543
5835287
3098623
5967175
5596775
3312868
3120914
4296155
4724312
5457307
3636954
5816291
5089532
3767230
4849508
2878737
4306020
5622650
5389601
3627859
4019822
3174734
4361588
4568367
3412067
2969552
5004774
4132453
3728068
5559055
2808059
4152400
5020835
5689862
4208769
2527899
3630151
5190781
4957429
3399736
5638306
3563389
3876640
4789016
5809792
4780834
5782020
3899906
3404033
3374101
3092667
5779875
4324680
2864494
4365763
3556866
4555495
3305515
3130380
2756449
4379722
4810590
5329075
5345110
5316396
5950755
5069664
5317550
4595899
3881305
2692161
4278942
4179717
4906773
4003665
2510105
4019665
3700343
3416297
2517525
4020152
5769115
5143564
3666464
5391990
3073656
2865873
5007153
4196875
5937050
5991591
4854759
2724573
2985798
5078702
4352105
3950397
5769105
3655727
2876901
3439531
5905736
3807976
4744224
5711782
2993541
5130232
4953376
5018959
4452290
4809554
3534684
5803356
4544833
3625460
3362066
4744898
3078136
3595168
5363681
4623722
3516194
5427822
2844421
3338252
5524060
4589575
5156573
4468755
3518324
4234173
3835680
3620777
3445453
5252215
5636012
4929954
4481122
3904633
5527107
5874611
5443542
2509746
3402206
3812640
4607472
3026814
4796529
5354626
4035546
2883834
3531624
4507182
3887159
3646040
4498582
5141478
2892805
2693525
3951271
4735408
4407291
4048626
4421289
2632707
5798683
4750867
5669037
3616286
4609201
5167730
5793900
4658943
3918487
4466447
5196887
3226069
2789716
4125386
4309783
4090450
4323903
3368748
3336896
4560714
3634701
2819860
5597434
5994961
4095204
4804059
3950808
3009952
2799119
4314870
4391395
3369452
4096627
3157887
2921188
5870839
2515610
5562706
5261023
4727768
4672323
5478224
4161298
5820670
4799404
2906262
2999322
2783058
3493544
3933400
3223137
4941530
3839865
3177945
5148262
4540203
5941323
2820903
5728393
2825918
3513090
3332388
4070686
4235834
4873913
2883030
5036809
4510597
2986447
5306717
3939605
5945374
4811517
5146053
2828329
5728277
2503406
4711550
3068005
4856203
3573446
5582492
2566810
4531888
4868635
3394152
5528491
4410741
2851561
5569736
4843037
4814893
5938622
4725442
3169973
2748273
3849175
4901584
4166711
4116573
5605672
3330264
3942000
3258458
3579307
5303450
3978918
3996064
5244076
2786379
5790500
2720531
5027023
3066167
4947915
3781377
5179627
4075000
5697830
3891049
5203038
4433482
5394053
5413675
3777417
5156707
4906845
4311076
4833561
5068119
3452708
2550926
4569113
5730640
5342103
4964632
4137500
3114724
3962110
2862535
3319334
3649195
4485061
5834661
4640285
5505896
4412273
4809153
5757758
2589052
2544679
5766124
3911058
5546685
5808654
2659942
3797874
2736147
4514865
5071713
4571435
4738316
3667491
5210468
4915037
3165047
4858127
5637047
4192354
4574461
5374676
4772552
5301723
4417559
4012803
5824476
5484654
5232444
5209325
4776781
4850793
5528074
5325145
5922583
5571529
4467873
4437589
2772651
2619592
4498102
4676505
4858593
2631197
3072336
3546090
3378531
5453140
5213445
3783346
4229392
3083775
4479297
4558801
3380074
3501289
4281573
5935623
5182386
2913934
2953527
4588951
5040223
5287057
3386274
3839901
4146270
5472029
4913109
2975409
4127963
2542611
4546450
4929178
3983457
3452240
4122425
2629319
3044638
3910139
5561311
3878879
4874040
2668968
3494944
4203121
5793470
4526012
3641438
4304441
2620660
2967011
3771396
5819751
3379951
2789157
4829732
3779344
4762408
5259677
4124545
3530925
4725399
3060933
4429894
4671602
4328026
2812864
3514899
3247051
5930788
4203690
4082123
5619929
4688687
3808401
5270014
5357067
5253977
3442818
5822275
3060975
3792353
3558962
2502258
5771519
4538664
3687135
3617259
4052382
4032476
3164367
4856969
5706919
4419927
3000188
3297650
4565084
5860064
5701360
5904514
5673421
5010279
2544772
5191440
4347854
4612038
5147568
5608838
4711366
2865914
3189647
4647822
3092717
5412776
4265926
5393092
2944791
3287931
5704646
5662854
3435566
3718292
3460016
5512113
3883068
5960210
2822760
5729392
2907009
5605497
3329647
4255686
4581340
4839674
4963836
5513244
5587553
3012147
3381456
4944210
4038846
5804279
4234755
5784698
3424153
4016244
5312706
4379344
2528518
2631748
5181475
3532550
3990443
2601655
5895191
4013373
2587468
5168195
4113552
4398943
5365443
5961387
5432985
5583538
3696371
2504778
2836633
5809097
2553072
4602196
2582061
3881942
4932709
3142651
3852565
4135407
3004142
2770209
4868332
5692466
4910118
4948787
3284363
3763115
2501565
3022010
4312213
4124101
3615034
4581463
3196871
2796245
3145878
5935017
3701461
3487485
5585086
2915549
3626359
4629768
2813161
4584137
2776480
4737411
4676437
4783799
5044413
4268452
3029601
5459660
5386099
3431767
5247575
3370651
2622352
4799151
3510018
4631588
4349857
3697570
5257531
3188823
3825502
2975143
5767520
4683289
3862837
3385503
5122045
3951660
5187570
5253708
5233568
3425892
3457363
3529834
4784522
3043445
3661487
3348702
5896517
3188366
3566721
3047238
3331625
4097209
5284171
2753598
2727949
3123167
5581374
3066386
4358515
5594620
4512261
5325282
4782710
4731323
2732835
4950485
2800680
2622563
3908718
4407113
2763013
3758887
5892737
4669757
3300644
3512711
2700689
5972769
5918761
3591279
3089909
4557881
2842226
4071681
3483920
5721842
3602297
3176351
2615365
3216598
3922160
4727489
4393099
4774438
4330089
3918614
2660845
4168708
4864042
4171240
2866651
4678213
4714128
5168450
3811816
2929906
4658317
3638874
3399056
2577145
5367696
4526303
5571565
3326619
4168975
3883604
2521710
3872538
3400719
5693145
4362995
4250159
5120070
3466075
3979540
4632940
2609727
4779899
3351599
3746750
3522238
3618434
3523215
4471071
3109466
4596440
3561837
3878793
2700871
4785846
5508943
4030994
2855464
3720377
2620139
3767865
5447061
4768356
3152765
2827695
4127563
4837121
2598118
3475623
3626056
4961663
2959505
3058902
3984855
5174775
2633385
5533695
3580019
4154786
2857753
4660994
2561248
4232717
5164931
3373273
4729709
4470662
3798198
4477481
3347543
4599084
5171501
5105974
3618628
3781811
5968559
3667869
3796050
4749823
3734795
5673313
4746530
3809407
5126462
2508604
3343101
4027954
4098232
3018985
3463685
5480834
3095162
4890183
5454334
4014597
2866075
4190905
2593218
5745962
2758787
5260070
2882221
5552391
3401189
4367214
3959333
3652189
3358569
4232653
4439644
4346744
5362406
5257523
4033936
4927569
3591477
4858442
4646336
4173088
4055669
5991314
4227903
5234640
5194129
4735161
4260393
4255289
5720399
3012763
5423479
5643336
5942623
3351043
3748268
5736290
3121114
5148222
5124229
5688167
2979983
2642558
3019230
5823014
4178891
3014884
2796343
4410912
5875855
3606079
2665776
5626169
2766341
4824204
5795732
4391376
5459006
5276292
3315974
4637694
2539566
3203217
3299086
4472858
5162645
4262304
4994082
5663149
5089915
4422664
4430057
3543923
2667954
5979009
3692824
3298519
3794412
5969740
2876408
2686965
2566886
3966419
5507940
3316731
5743621
2780798
2898411
2967395
3768526
5620676
2676968
5810263
4929800
5059825
4266586
3839034
3921575
4184450
4327562
5795774
4737397
2503253
2896857
5580478
5312510
2899302
4758909
3548460
5318599
4904557
5688833
3997678
2572549
5087479
3195981
5561933
5850162
3865178
4572163
5031595
3468941
5259153
5910816
4635691
5417663
4794807
5305313
5816668
5919738
5929037
3937682
4061302
3595276
5428212
5821545
3715064
5830183
5592220
2858164
4675652
4644650
2831466
3124802
3999577
5205953
3219058
2986794
4249102
5181756
3672758
5437909
4000751
5099594
3445739
3176501
3481298
4226957
5339470
3711190
4055933
4325388
3946207
3152496
4421418
2596116
3086296
3564803
3816512
3231416
5781574
3122536
4905140
5884651
5879769
3233487
3105798
5262953
5853270
5550208
4346052
5653863
2623989
5616695
2743255
5747688
2956169
5902682
2605917
2706219
5529803
4503549
5071035
5910333
5706392
5124484
5776453
3500829
5634835
4172968
5583543
5249616
4796832
4363328
3013774
2989690
4289499
4416625
4159780
3652325
4094788
4741222
4676818
3093411
3952497
4390067
3557034
3260932
3999074
5978018
5271895
2518014
5244975
3600400
4308609
2879340
5234336
5192780
5800225
4867782
5570636
3765603
4041803
2747332
3204217
4131101
5557713
5544604
5855108
2749478
5381836
4758590
4712437
2575912
4078916
3139701
4703617
4561537
4821010
4116465
4894418
4865387
4549988
4148552
3167151
5241727
5390891
3235291
4677367
2506794
3933615
4269552
4245320
5262047
4524805
4390908
2818904
4910120
5959210
3705115
3840092
5410076
4224263
3103971
4767266
3788270
2698350
5588459
5847027
3652856
3882247
3610702
3950108
2817654
5097954
3689129
3699386
4368721
2547897
5788517
3227002
4212058
5488314
4870769
3646404
5927267
2561893
5915302
5327262
3976944
3259552
3670637
2637574
3705162
3326392
5547345
3855883
4733517
2978211
5662015
4123876
4776566
3739118
3484322
5153346
2652086
4851038
3070051
5273686
5036099
3784025
3337398
4220060
4451286
2729638
5655877
5942993
5157761
3559438
4337378
4880952
5382072
3180345
4315776
5402901
4326169
2824562
5262969
2827798
3360903
5283096
3758839
5318022
5013718
2967707
3921454
5863948
4037826
2802339
2821254
3183287
2806547
3128570
4474240
2834381
5190795
4724923
5088771
3744307
3938205
3687378
3815120
3560947
5269431
2722398
3879170
5386987
5426778
5906706
2797498
2726077
2594599
5540343
5957853
2951322
5774906
3613684
3388138
5189567
3832457
2857704
5626758
5516437
5249763
5610037
5370136
4336772
3609482
5655759
4799189
2843832
2656974
5048847
3021549
5413524
4315679
4680954
4938272
3645799
3082538
5035138
3882193
2878703
4499314
4702506
5836217
4701672
4162964
4917318
4362473
5987476
4689375
4746729
3913185
3350360
5692347
5423306
4921379
5488665
4005820
4677399
3477457
4514158
3375077
3940355
2516055
5195080
3662464
5424206
4366816
2684256
5667271
2867596
4030011
4203001
3351057
5067699
5014213
3028995
4178158
3947856
2623209
4557232
5909953
4209680
4787659
3413387
3125954
4685589
5533799
5516903
5545972
2633773
3931091
3128753
4285428
3302279
5745783
4239310
4605666
3668457
3792717
5121391
3452023
4608283
5667397
3738163
5809332
5099626
5122262
3947353
2894109
3165958
3783921
4107592
5524882
3743079
4929122
5320759
2960696
5767378
4490013
3558062
3867090
4107280
5737546
5784834
4801197
3283830
2659855
3377299
4082707
3761470
3817612
4178504
3822236
2684694
4207239
5655932
5907695
4346179
5499528
4477533
4142432
5626624
5351791
5405805
3797151
2507666
4438362
3571594
2767076
3207879
4008142
5647495
3305832
2945177
2754505
5639859
2676574
5804888
3963095
5404633
4501202
4396385
2547731
3225955
5820897
4789155
4574333
3270026
3029905
2784530
5711111
5049629
5127643
2835807
4233098
5656652
4028991
4437529
2962525
3307829
5277302
3331675
4747816
4875902
5279572
5590101
4146307
4836576
5360981
4350387
3666181
2842413
3875133
3082940
2666297
4830732
5928265
2979723
3674069
5669265
4210487
4422037
5322778
4684615
5708492
5277331
3620522
4026179
4521614
2571690
4428959
4500114
3628724
