3696103
2827472
5199814
4986918
5985847
4458707
4569398
2542666
4250757
3016102
2778823
2667978
3181039
4103809
3495942
5991906
5565399
4270618
4912198
3615147
4516560
5527310
3729806
2804052
3888914
4431770
4437178
5927005
3104346
3942518
4978036
3146291
5762891
4584914
5292029
4293663
3684097
3637367
5071577
3245674
3104581
5514801
3675712
4981058
4108937
4486401
3681398
4730996
3818560
5074778
4827148
3509993
2676671
5437621
4259060
2513068
3460677
3724515
2750271
2804812
2547311
5641271
4532427
3584440
2660710
4306102
3547205
4398104
4995027
3873626
2715685
4194850
5149427
2801351
4380258
4886023
2695150
4270006
4601688
4477869
5289484
5037952
5414367
3245562
2961923
5779934
4190591
5263291
4397018
3348340
3147825
4406757
2997218
 2851419
 2848840
3458437
3148872
3116532
3214728
5612789
3146281
2756987
3304406
5996783
3312700
3847093
5005398
3878728
3900952
5091409
5134171
2952510
 3481448
2891531
5439960
5825776
2947260
4515179
3606408
5673940
2818827
5521816
5598214
4348885
5261025
5100856
5204300
3366674
4550009
3499339
5692101
5675002
5906920
4023781
5478054
4481247
4633454
4882098
3425854
4773645
3718162
4177208
5125502
3135057
4285115
5034370
5788446
3705133
4918706
4592932
2952252
5546270
5917059
3886808
3764674
5573530
4099047
3629260
3633227
4419080
5234078
4474917
3711679
5910701
4006856
5350951
3266371
5386072
5075592
5894856
3877029
5846803
2664027
5564260
3826379
4015059
4185961
5222480
4711286
5510595
4406136
4007412
3500786
5971959
5516177
5761797
3402458
3179059
4843617
5461600
3636822
4134497
5371410
4525017
2558436
5192936
4149855
4419411
3460946
3995394
4307340
3321656
5102811
4061481
4064884
4509093
3136846
3923034
4873532
4799259
4112957
5827709
2684714
4636929
3357733
5668968
3191501
4479202
3567597
4387801
4785152
3096104
2835470
5629523
2505328
4751639
4685697
4233775
4405293
5249684
5087572
4740117
5984531
5259389
4840291
4692315
2541893
3670769
3666514
2783144
4085733
3954525
2913583
5053541
4295717
3546075
5605574
5103930
3198734
5890762
4189812
5021829
5448095
2680079
4495717
5476565
3932864
5017395
4016002
3257773
5162463
4189927
2562542
3924860
3257039
5652089
3693021
5515868
5490147
3999965
3688020
2875445
2719182
5663243
2939450
3070542
2514892
5085970
5652166
5724493
4186016
2801357
5514203
5000434
3401138
4806087
3704945
5390434
4953838
4953619
5266422
4737193
4949837
2566246
3432076
3702787
5935369
3751983
3559650
4207621
4427498
3422071
3701268
2924361
4913878
2762623
3479491
4979039
4380923
5468639
2736913
5884138
4536539
3356217
5019683
4379371
5359790
5895871
5447666
4706675
4285266
3018701
2933537
2865544
5286508
4736093
4247781
4828449
4247275
4000956
4312151
2600738
4209007
4749307
5297563
4286846
3271426
3452175
4104307
5021845
5756582
3747782
5808120
5175970
4025654
3414260
5034063
3438363
4168224
5973576
5738232
2728346
3653956
4009553
3737681
4845664
5417635
4238824
3863485
4807500
3781305
4130181
4066389
3209206
4695944
5446668
5050836
3006735
2509799
5508204
4542306
4210614
5003327
3990941
2547716
3596663
4919377
5555551
3063850
2917695
5825262
2932174
3572618
3768321
5245963
5554054
4654469
5220360
2865120
3708354
4562377
2718877
2861041
5284617
3215130
5052183
2540653
5876556
5823171
5540470
4642655
4411359
2796418
4220991
4268160
5392793
4877193
5933223
3005891
5302055
4200914
4929604
4751572
4221817
4790698
4207151
3498801
5052500
5351714
4369936
5917876
3972331
4461099
4047372
4682895
4835332
4114406
3518877
4599821
5622196
5055904
4897134
3711984
5680574
5899079
5973937
5309414
5853636
3462474
3435002
4458334
3855704
5605872
3318643
5246877
5534068
3556190
4877527
3925715
5594015
2551210
4309659
2773946
3209248
5552803
3699078
5572092
2501089
2897445
2978441
4214036
2916287
5006014
5918681
4026101
3898897
4230341
4889985
5299922
3865985
4842804
4777699
3762173
2909182
3177396
4599158
3284549
2846850
2961609
2603618
5263917
2545419
3820519
4011928
2705446
5780891
5674213
4092921
4335049
2620892
5739246
2690227
2677774
3018268
3576481
5973111
2617456
4586173
4383615
4162594
5512718
3686850
3392674
2976584
2827118
3137765
3089710
5908961
5815599
4796241
5230659
3131355
5457248
3323358
5064921
2972781
5290818
2705266
5849205
3286921
4827717
4739702
3700488
3754080
3671532
5262672
5880964
3114545
4491873
2525612
3594687
5796548
3420480
4295624
5294802
4233622
3623666
3216205
5049437
5703717
3677844
4727937
4804455
4881841
4197700
3483213
4458539
3803718
4419971
5975850
4432725
5127098
5389453
2530705
4501092
3720011
2876920
5322486
3341767
4725452
4078797
2963084
3176019
4024266
4521482
3318712
3991454
3324412
3075599
3778156
2705936
4831107
3501841
4448053
5392866
5330564
3494347
3438729
5695435
4763191
3192969
3731383
3633733
4923186
5874500
5594503
5834185
5402562
4468151
4547208
4803015
5431348
4172886
5151433
4062399
3641730
4295835
5190017
5968093
4911211
4695845
5677474
2513935
3971025
5767641
5459518
5665290
3409636
2930068
5818692
5999937
3989214
4370318
3095532
5672036
3710187
3765699
5951414
5929197
4102268
3912200
4263540
5138423
5977376
5980399
4981958
4440412
4804054
3783256
5709629
2802611
4497114
5715388
3746417
5570435
2662020
4620728
3911395
3980916
3991300
3190645
3455338
4734235
3647449
4483659
2706805
5806687
4883958
4200827
3383302
4603094
5987180
5273279
5603311
5949312
5680051
4217469
3635399
4014243
4741873
5475970
4935577
5549320
2769708
5121778
5227277
3961789
3983194
2525938
5817141
3066616
3115725
3047687
4765465
3677872
5073980
5614241
4219256
4453684
4166509
4848155
5925494
4390602
3110827
3898255
5183344
3881826
5365342
5813900
3615975
5971117
3899938
4015970
4906893
2930531
5951388
4986506
5102104
5009401
4679478
2605365
2758007
3140075
5192480
3461974
5986213
5766165
4421501
4345467
5987495
5666792
4193247
5120076
5812100
4670529
4629605
3833854
4692702
3044597
3447442
5657721
3722040
4838809
2575098
5559111
5989108
4528582
3029887
4527420
3268225
4172680
5610706
3810048
3044001
2822762
5054266
5389637
4547731
3919456
4026895
3185617
5428306
3859236
2918526
5197158
4010107
3599032
3778778
4952103
3536802
2664136
3002049
4606184
4862384
4079194
2613084
5121698
4581990
3979067
5233484
3514457
5887261
3272145
4430627
3246415
3607324
5620757
3609194
4974151
4695608
3934310
2784086
3781318
2709478
5729073
3956765
4324832
3360101
5886135
4764441
5313471
3362294
3347711
3808879
4408047
3106998
5610819
5077643
5002573
3056658
5355580
5096950
3803594
5236742
4297086
4645941
5467310
4023814
2758540
4702692
3336856
5872499
3609738
3321813
4473588
5096475
3569148
4160617
3963867
5412885
2729950
5292367
3573593
3255891
5370823
4046799
4287166
4503375
3500323
5578809
3212160
5534566
3954365
2794923
5037439
3626020
3287322
5187820
4419128
2854840
2594312
4858826
3547631
4360325
5860469
4852860
3111731
4343097
3047698
5357630
5821628
5339429
5563342
4141109
3282795
3585137
5366340
5277507
5409592
2765966
4223249
3610088
3087940
2564052
4200516
3976061
2864190
3188834
3437148
4869428
4813170
4334093
4794018
5425984
5401683
3815426
5043605
3983877
5023561
2860170
4077073
5580555
2978275
3480148
5710990
5415860
3072749
3723878
4082248
4139454
4953808
5490330
5194281
5758349
2622107
4899560
3881046
4372897
4461491
2540315
4908445
4427156
5618876
5429407
4378955
4331397
4835302
5849984
4918233
4298827
4718142
3342260
5942823
5750274
5034986
3582798
5308008
3412544
2537723
4767027
2950440
3874026
5865501
5488991
3807974
3570245
5703863
3674344
3134028
4091162
5859446
3799337
4596472
4320762
3666794
4227997
5891042
3133384
4190507
3704777
3790571
3983481
4759629
4240943
5030169
2843111
4500247
5611232
3823196
4313615
3303925
5021941
5355097
5740600
2722756
3177701
3524393
5007314
3965595
3260620
5552284
5622769
4808110
5871362
2612608
4354850
5304146
3499605
4673821
3107264
3921487
3303131
3748120
2793767
3130723
4103306
3667733
3293274
3032458
2744534
3376291
4539408
2543035
4655446
2585072
5499389
4389939
5196458
4403962
3499443
3459343
3230749
4412360
2966010
5880265
3937113
3778391
5133964
5645743
3429413
3577460
5818946
4998571
2570487
5553757
5128080
5143734
3157619
3706351
4017597
5140037
3339834
5775243
5788651
3680429
5221242
4509215
4777545
4762267
4440914
2656012
4923122
3570423
4921017
5823999
5753289
4505843
5615272
4378537
2712642
5144676
2974456
4815138
5788265
3719739
4701849
4042902
5928109
3353601
4890255
5518913
5911180
4608254
3538334
4614415
2944191
3968509
5770350
3063483
5032837
4842521
4937196
2777127
5630398
5251970
4494162
5637667
4600859
4756745
5499034
4297987
3080609
4767418
3228884
3158045
3173925
4172333
5915591
5304161
5602708
3990835
5067195
5385362
3440325
3230297
5022009
3021665
3021681
4231467
4877241
4975103
5853665
5590386
5466560
3810632
5573359
4151945
4723430
3245170
3907769
5593342
3700081
2546914
4032838
3010022
4295592
5973871
3102901
4763364
4907392
3668418
5937232
5612485
4736941
3477190
5969877
3884037
4030948
3182669
4114365
3787720
4429618
5482048
5548705
4250013
5113816
4988108
4197203
4107218
3103028
4480858
4663389
5182719
5172283
5574324
4962872
3441310
4560571
5381395
4711665
3128857
3463349
3150289
4366012
3791141
4483169
3763047
3188459
3212601
3576043
5550754
5401420
5676589
5705206
5280367
4145222
4256001
3719002
5153486
4672901
3327490
2625683
3435477
5261460
2583192
5624975
2693522
3297003
2532223
2882030
2529295
5369701
4633872
4683933
3646264
2596170
3321599
4307228
5064990
2509351
5384544
2801962
5801055
4730664
3798176
2659237
4040299
3988371
3968291
4361146
4440406
5484028
4947747
3674773
5371856
3598005
4492279
3082563
4849104
2780840
4586829
3591492
3596072
5934359
3379736
2668169
3592875
4776384
3188000
4875686
3855224
5804904
2765136
5038065
5811183
3004178
4880950
4607662
3919089
5656124
2670528
5839557
3217629
3505241
4147576
5373322
4279937
4548448
5652083
3252917
5266015
5974199
3791875
3482334
4363167
2519109
5907672
5210256
5581779
5994391
5231431
5210660
3850310
3717817
2661142
3576021
4429504
4299963
5277685
5716505
3248349
3366361
3381437
4755923
4489911
3403631
3971878
3503291
4458947
4392082
4604145
3604354
4940789
4461208
3824617
5560511
3911608
3477404
2797961
4877264
5078842
5764896
3231623
3473931
5274447
5069709
4541636
4204334
4355305
2520016
5476940
5886319
4466504
4074774
5029039
5530110
5382861
4893901
5263869
3200461
4214398
5475955
2785666
5725157
3312737
3556416
5993934
3794340
5709681
5391155
2797342
5380633
3227140
3091630
3077150
3802148
5581052
2570531
4293461
4193301
3645150
2919050
3740622
4875508
4403137
3810212
2547240
4652603
2522027
3054450
5574203
5516451
4743303
5382336
3167017
5621378
3958107
5946535
5116711
4950654
5407405
5513544
4703954
4264225
4377022
3206993
5460750
3831674
3749224
5526470
5927626
3571368
3876320
3779045
5405092
4065796
4077117
3300424
4406142
5530111
3756982
3523267
5174709
3131723
2560512
4056471
5984129
5408027
3371198
5866932
3029507
2551720
3403226
5964490
2916431
4578299
5455185
5823411
4290861
5228642
2757908
3183733
3393637
2555257
5691382
3970298
3914368
5109246
4640176
5289576
4980122
2835753
3943589
5626179
3521829
3021096
2665837
3754919
3894937
4161438
5033242
2532419
3265156
5022513
4547614
2830891
5881623
3786989
3229995
4867965
5871978
3075104
5844030
3733481
2674947
3646092
3362807
3977227
3387365
5226066
4114815
4747892
4901186
3377405
4572682
3326014
2879680
5892362
3746296
3111044
2788442
3822743
2711328
5026144
4188618
4699086
4162319
5661375
4637581
2737492
4842613
2600923
5134767
5571510
4496194
4586973
5310272
5555323
2678296
5166534
2516428
3034830
5352123
5508874
5192881
4083295
4242279
3627513
5292740
4104719
4582186
5254097
2582190
5921626
2983484
5368569
4574817
3975084
4007419
3616812
2877901
4247693
2896337
3080834
4194863
4281189
4128686
5653804
5667674
5304560
3647504
5848006
4261885
2751651
5577992
4880434
4989725
4380190
2607814
2637574
2766176
3032510
2790880
5762196
2986933
5714181
4374105
3534193
3533753
3905061
4480680
2783268
4725477
4077615
4066717
3153147
3413321
5265596
4156526
3831852
4681732
5908380
2617162
3105246
3552064
3548652
3907285
5439872
5265127
2960521
4693906
5676100
3699520
5640471
5176735
4125341
4274870
2856913
2527204
5833867
3473367
4190247
2798699
5253093
2852279
3036045
3758501
2513540
3098093
5615489
3546822
5295000
5687702
2727311
3251347
2905602
5263490
2872721
5227134
4722535
3131639
2902397
3235541
5989312
3652449
3777983
3971567
2613065
3623708
5151008
4887514
4827669
4425684
5526642
4078168
3386437
5955362
5343236
3521298
5561418
4703320
4350754
4482915
5204078
2787677
2954705
3237111
3969300
4613465
5206060
5798758
5627483
5565871
4142554
3142497
4033359
2635775
4660031
2634400
2907877
5009180
2842917
4689376
3815968
4200281
3317733
4516412
4363283
2569326
3298954
2597741
5030393
2847884
3080552
3100902
2725709
3972894
5321101
4003629
2636287
4207714
5836225
4742184
5624272
2630202
4201586
4900532
3393324
4225705
4123977
5150931
4179939
2905709
4467130
4192442
4185388
4575722
2830990
3173127
5235075
5542545
4068433
5819123
4170599
3449981
4622806
4295807
4210083
4622966
5220610
3221385
2544456
5386909
4700896
5211143
3755314
5346511
3057027
5204025
3756851
3025845
3353063
3886741
5464912
5445581
5156081
2809976
4852990
3092734
2576914
2748616
4015658
2577570
5133941
3450084
3025707
4521527
3560618
5924724
4909289
4771621
3750993
3846385
5169027
2957113
5232497
4212585
4803815
3052324
5306676
3052652
3334525
3609753
3632468
2799578
4317994
4109971
2722796
3168877
3888386
3949061
3123375
3777254
5060085
5821916
5002006
4375261
4090911
5305671
5519637
4918646
3311035
3301444
3519549
2773646
5279438
5891726
5546790
4261966
4341572
3592078
5236684
4189623
4563783
5940553
4815684
2788379
4540624
5826601
4246319
3495483
5322612
4865591
5809782
5080248
4346353
4602731
2856562
2751279
3352771
5421233
5354645
3863592
4161254
3679552
5985048
4426230
3923215
3309153
4283743
5151350
5519204
3474638
3508906
3178880
5994284
2649577
4372311
3055440
3463560
5015597
5204536
5731273
5007045
3709574
5902960
5461284
2911378
5228807
2876702
4739720
5543484
5565755
2660421
2996786
3268044
3589518
3442841
5199919
4120058
4298559
2667753
2524041
2507713
5059570
2773811
3278282
4889483
5088741
5801478
3365484
3447396
3436443
3069309
5036163
4306455
3254390
5203704
5838235
2729307
4764398
2831141
2592185
2891530
3836196
5828572
3156100
5226427
3914131
4466492
2782110
5803096
4465698
4453796
5412607
3422631
4495453
3592488
3899339
5752304
2553090
5907835
5643988
5133022
4998140
3270033
5452511
3559515
3745936
4585864
3940637
4532837
3854610
2882918
2550816
4632877
3735524
5571595
3592895
5554591
3277589
5547259
2545609
3865315
4440704
4643198
4517159
5615520
5446460
4594882
3065302
5533302
4374012
5976541
5225261
5147805
3043023
5333759
3434016
4772237
3661597
4781992
5476223
4243716
4377621
5490684
3472108
5307861
3536166
4522696
3397366
5462162
4808192
5426281
5728667
4995925
4036382
4525780
3628509
3514730
5622625
5090115
4877363
4436499
3537090
5802436
3556172
3449657
3753771
5759892
2569736
5248778
4166364
5519120
4448052
5548818
2970960
4378247
4435107
5713289
2989177
4888976
3210210
5846733
3900441
3166889
4094907
5697850
4719763
3596494
3853296
5628131
5724405
2543121
5803935
4410041
3275210
3682028
3917984
3323399
2647781
3617066
3561764
3240136
4017575
3649550
5555985
2509147
3584871
4563041
3445354
2808518
3556535
2506392
3260234
3348696
5287019
4505026
5102249
3705368
4884198
2671797
3316340
2764394
5990545
2751064
2645214
2936849
2649919
3460532
4152802
4060571
3621477
3087988
3957744
3878047
3232913
3059188
2851648
4384397
5642288
5081851
5492306
3137090
5868464
2567415
2938270
4553848
5018351
5024182
4671979
5597589
2986471
3166041
3057394
2557263
4662641
2951930
2990280
3920254
4056446
3662336
3718776
2684462
3561994
3675536
5063417
5069596
2785115
3938245
2998329
5079024
5468074
4536929
4399866
4086123
3659794
3676764
4425515
3413824
3260888
4815157
4000943
5537289
5196060
3967099
4237000
3088329
3981473
4672100
5763604
4929591
3545514
4649698
4138273
2830942
3230344
5215631
4223689
4785020
5428664
3237756
4512869
3831528
5163226
3186429
2808661
5562769
3276939
3224604
5675810
3418544
3604578
4724838
4826762
5198850
5199688
5984636
5074446
2673222
4148797
5034270
5497645
3789089
3979042
4784005
3975172
3526500
5406997
2534094
4731028
2562997
3839541
3478752
4133998
5838022
4106976
3657630
2714510
5885027
3194927
4425570
2766943
5716656
3572419
3855951
4221435
3475164
4675399
3581807
4363621
5422175
3356742
4649506
4370816
5932163
2765693
5495426
4345114
5934230
3513830
4282883
2843542
4930651
5570343
4208655
4686957
2699683
4604318
2536445
5487943
4068659
5516028
5172634
4735178
4384478
4331530
5157516
5969955
5042200
4394663
5261922
3567676
4406402
3145202
3243089
4933765
5265976
4874662
4529419
2573097
5169212
5041765
3580333
5365983
4407781
3070401
3049670
5699931
2575567
5616080
4218464
3876608
3160735
2962327
2954033
2846412
5979437
3811506
5128098
5559110
4668789
5800143
4000268
5376382
2589130
4640149
5273889
4641613
2949307
3654982
4061755
3266259
5342257
3716802
2747098
5337699
5354343
4054915
3158804
5678116
3687154
5827134
3191863
5911811
4478084
3258532
5175278
2559556
2876331
5877818
5860146
3941327
5297546
4830018
4283302
3372912
3202869
4094483
4567004
3805643
4538779
4704335
5533464
4965460
2823982
4881718
4167857
3595574
2818282
2698370
5413523
3932608
5597566
5888809
4219706
5177901
3098692
2766472
4749144
5431150
3955360
4955876
3984591
3783257
4112593
4674754
4094454
4469697
4376322
4041110
5314530
5457328
3320993
2815585
3152617
2641777
4321636
5207510
4163658
5845041
3065760
2557027
5867976
4385745
3544862
2511264
4202015
5248690
4790207
2764055
4667268
4856760
4069757
4425381
2601817
5009024
4737652
3971433
4562218
2681740
3162533
5657104
4065675
3777813
4520928
5848229
3734299
5731295
3009577
2945296
5067448
4979863
3707224
5922037
4417988
3627303
5703266
4270444
2661227
5012430
3189193
3615098
3528306
3825864
4639920
3970990
2746307
2939682
3843882
4855704
3266231
5680104
4288893
5539486
4581188
5292704
2870193
4165289
4408974
3328348
4519270
3552380
4880382
3950917
4688165
5204288
2922190
3027811
5482038
3161974
4282995
3159091
2803403
4315892
4198698
5646942
3736333
4262816
4560866
4889975
4439247
3518364
4275364
3944875
5799590
3655570
4526780
4278133
2753504
3108878
3852083
4970954
3008327
3569497
5662298
4053676
3768869
5409593
2596889
4809117
3878805
3920259
4392475
3643686
5660731
5737311
5764119
5629280
2814747
5109766
4689036
5364570
4749465
3270662
4401570
4700447
3252921
2719511
3369149
3935973
5633590
5613963
4709056
3136900
5073536
2704040
5646046
3652722
4497694
4021321
4828287
5576193
3658506
3673941
3442578
3465472
4779756
3042632
2642955
4336386
5602093
5836318
4083918
5742540
4858470
4399083
5889485
4058537
5933874
3808259
5292710
5576749
4964930
3358131
2568351
2979857
2642362
3391854
2619673
5829655
3699138
5835883
2721360
3382747
5837526
5901994
5773409
5447469
5008379
5569017
5567833
4520051
3974609
4298569
3911501
3710612
4132627
4526091
5079872
3691619
4267717
4279407
2816296
5301917
2778286
4649898
5846893
4349279
4412775
4150636
5221600
3188466
5736904
4502137
3269413
2887614
2860006
5123049
5028827
3259354
4962023
3890973
5225916
3465755
2539194
3894162
5664977
4005898
4382185
2645450
5446295
3608187
4600636
5705194
3734911
4041572
5851354
3754321
5204927
5748018
5172067
3574001
3488970
5559013
5744280
2516144
4532372
5936905
5207130
3024307
5359721
2614668
2816739
4352735
3202627
5775413
3078822
2773284
4295302
5241874
5022826
5712435
5938836
3620393
5773482
5924729
3503787
4307816
2502103
4049198
4526076
5943563
5650246
4942132
5884128
2686383
4217276
5633746
4662763
5602246
3914465
4837461
4164388
5368181
3644523
4398799
3368705
4610753
3567885
5191046
4803791
5805706
5805098
5306095
5423007
3556463
5052320
2808062
4451175
2996941
5987807
5946236
5203310
5192377
2742397
4707061
4443763
2592148
4767547
5667919
3646039
2884494
4808677
4411746
4552532
5213850
5189439
5537171
5785133
4503968
5735774
5747810
2758489
4052946
4311857
4035545
3299094
2816823
3446046
5050979
2831947
4556699
5156932
3881088
5199280
3773952
3403287
3953222
4180203
5495106
2964624
2676385
3740338
4629950
3330749
3475106
3456887
4617291
4801644
3089696
5071300
3885659
4337819
4407522
3028111
5797059
3309245
4299448
3304664
4356360
5043716
3245970
5724547
3663979
2678960
5775350
5769689
3801107
4038992
3348669
4056692
5986220
3783833
4771555
5552749
4875153
4488227
5371666
2565296
4449153
5910345
2705082
5383807
4510752
4310198
4305423
4895045
4781009
4522611
4978785
3608531
5785128
4633029
4472685
4502385
5289138
5173248
5745731
4671776
5082614
5875794
4279508
3208918
4495998
2654965
4425116
2728170
5159998
4741499
4774071
4387793
3848234
4625474
2653016
3121650
5707113
3642972
3612557
5572922
3945122
2753165
2805219
2653359
4608395
2508048
5700867
3843418
3468221
4152841
4518109
4280329
4945835
5059929
2927319
2556725
3717601
4917036
4353455
5183599
5900769
5307898
3333638
5942013
5222537
5031737
5786820
4568606
4981158
4758011
4276916
3103984
2533309
4414808
3681611
3549678
4650473
3771974
5237688
3404564
3369525
2807695
5115862
4000610
5721238
2669900
3905450
2616338
4286475
3883198
5929020
3446618
4335163
4592051
2532203
4301985
5562136
3611032
5781244
2563793
5987482
5933023
5624136
4572339
2727501
5746666
4379147
5572026
4842414
5786948
2516395
4772941
5964482
3282083
5339729
4735953
3446750
5182320
4630879
4802135
5178997
4040673
3545923
4837109
5831884
4185364
4850740
3377023
2993152
4612776
2520018
5027921
2902592
2786378
3117253
5240798
3489813
5677285
3283869
3480286
2599899
2518166
3567158
4350231
3645908
4712799
2753636
5628188
5397703
3972753
5078991
4806103
5313021
3012702
4392013
3931842
4095114
2636698
4434986
5546505
3950609
2732453
3546347
4478397
5120191
3203505
3871847
2806410
4110243
3355056
4646901
2878270
4877355
3901807
3023539
5486354
4530370
4969442
4360562
5291632
4144763
3610111
5644614
3065859
4995170
5950049
2963147
3945140
5863076
3418218
4222986
3673466
3955956
4955673
3741419
3772364
3252040
5824235
4074012
5752033
5278242
5958045
5759609
4602083
5294195
4202534
4681271
3213445
4397775
4688569
4742777
5586875
4531694
5914568
4229905
3149564
2808658
5527555
3169706
4756208
2718505
5451792
3078780
3085207
5848341
4665202
3551269
2851237
4462748
3195874
4149316
3904856
4383934
3007650
3698028
3962220
5115053
3547607
4886736
4823480
5621957
4267305
5122646
3106669
4321549
5798254
4208920
3565971
3618234
5554208
4094465
4336283
3778500
4096468
3887945
4222879
3522365
5135694
5665856
3526529
3931466
5361488
5711913
5096230
3269752
3125790
2521730
5416690
3889239
3614717
5965733
2994204
2566840
2560768
3941360
4288502
4926662
3995466
5623736
4556900
5400995
2687020
4671482
3654919
5333018
3483824
4750374
4157004
5969693
3866090
3415245
4672441
4248400
2996219
3149431
3027693
5077502
2834910
5300513
4722963
3380559
5671453
5129784
3506947
4536564
5526756
5443234
5003977
5607440
3901136
2686749
4168639
4845401
5971419
5190151
5112407
4431734
5229157
5164726
5994141
3101827
3664687
4541503
2935923
2891728
5342735
2529634
5669669
3970823
3453538
5627601
3771068
2859788
4252367
4245632
3726952
3107756
2863242
3632822
2855185
2945455
4218902
3512298
3171706
5398148
3730412
5310533
3609223
5345632
5801515
2995720
4312193
3842442
3815820
2729149
2599087
2794412
3271283
4234093
3489382
2733152
4052586
4286992
5072885
4412740
4198119
5114427
3725519
4087485
5917741
2718489
5259556
5123158
5951681
5952211
5237989
3738696
5005680
2866664
4135264
3401572
5996659
4733773
3749520
4428344
4146695
4600445
5206645
2624593
3909001
4036433
2647229
2508915
5588600
2530602
5036224
2530202
5640163
3755282
4112538
5267305
3150163
3464207
5388179
4028645
4869415
4743622
2952112
2725720
3355339
5347050
2628553
4014667
4850247
5044802
3637647
3226790
4928150
2759106
5683984
5813931
4757342
2871238
3592348
5295119
4910668
3800116
3178500
4359380
3618386
3653764
2751968
4789344
2622145
4801194
3434678
3957769
3608732
3474343
4689075
2660918
5481841
5357488
5298482
3541719
2545309
4737569
3641040
2794604
3332722
4500611
2971445
2775080
5434096
4682412
4980315
5277721
5441857
2919800
3880655
5096550
3869835
5839499
5172060
4248541
4628586
4557757
3985516
2824962
3598756
3086567
4099101
3094768
3663310
4127023
4792095
4410005
4388104
2712932
4067512
4823251
5408289
5309506
5432148
3658550
5011430
3868760
4832292
3701927
4105871
4339894
2898406
3488240
4613047
3981693
4857492
5934990
3581366
4245170
3774857
5768678
5363739
4312124
4384660
3431908
5655052
4841381
4487464
5812555
3703655
4650747
4124148
4482271
2624027
5277660
3028038
4976070
3860028
4571764
5652223
5303760
2665189
4001038
4696695
3037760
3797724
4081174
3652274
5596241
4372064
4181593
5676154
3548743
4900737
2965213
3754880
5846270
3909311
4525640
3479095
5217615
5260197
5960737
4634247
2707854
5570274
5035183
4820951
4193710
3740602
3255297
3814646
2687358
4345285
2802469
2690008
2721606
5441100
5564083
5962868
4766519
3700638
2974142
2549827
4214664
3344123
3543872
4398822
4122734
5445822
3322365
2534801
4088913
5863596
2733085
3578859
3423319
3235138
3450459
3269723
4510706
3271603
5757516
3941072
4271565
3330900
2831143
3992619
5857726
4175216
4957129
5255144
2818946
4949728
3138609
5106940
5205764
3917242
3991185
4646838
5870868
5765785
5405365
3892199
5258150
2673206
4195331
3841742
5004259
5926152
5890891
3420315
5929953
4366653
5823607
4831473
3820049
5736771
5365430
2638436
2970084
2567175
3915352
5021405
3876373
5757172
3130551
3065078
4942427
2969083
4064792
2992822
4577835
5734659
3060920
3009775
5312350
4249330
5869371
3281576
4786152
3809987
2708407
4818778
5291657
5739768
4531309
3415169
3547325
5651511
5186183
2801466
5023256
5978061
5386984
5138846
3440502
4454120
3139621
2826327
5928159
3220716
2968394
4306494
3121416
4452084
3869485
5259386
2521830
3890689
3116406
3828085
5783468
3788406
5154133
5802518
4358021
5036871
2951297
2773264
4489889
5103024
4899351
4920067
5224892
4232390
3491940
4048000
2764948
5019384
2891581
3339957
5496794
3396487
4753554
2815603
4647306
3581230
3542685
3740923
4144818
5845400
4816306
4203468
5554672
3939319
4548067
5484295
3279367
5729633
3700885
5531028
3799025
5999703
4341011
4740194
5108434
4129338
5703381
5074108
3091206
5484094
2500142
4417962
3565309
5070955
3872360
3408807
4294549
5304068
3409130
4071706
5556687
3138270
2768150
3040276
3502608
5682352
3739816
5443946
5707199
4047263
4213429
5462603
3287973
4194156
5738174
3307494
3634871
4144916
5371120
4421145
5895327
3310771
4431130
2722428
4826296
5369277
4721083
3728855
3037611
5127636
4361056
4556841
2903005
2601014
4307483
4260183
3667792
5324765
2945668
2811080
3298292
3232338
2990123
3845690
3595194
2570376
4793486
4980181
4529001
5160873
5426196
5788903
3914603
4283837
5240501
2634531
5717750
4352611
4275526
2962827
3731983
2785298
4940933
2539659
3184918
3327822
3470465
4362012
4768594
3463304
4271169
3177110
3254065
4633735
4131673
4834652
4821430
4903837
4144358
4642525
5579428
3977877
3993038
4349114
2748423
3239780
4367188
5491334
3513449
5632910
5358401
2630183
4288061
4450254
2724818
3589244
5904191
4551230
4730296
5534613
4992399
3700082
5974646
3011672
4231895
3143495
2865157
4534879
5630395
3391923
2588827
3747975
5484480
4420236
3894366
3249120
5507015
3206434
3413710
4864316
2883118
3013957
2668916
3767138
5680124
3777085
5286917
4790043
5100495
4056474
4781703
5744544
5421806
2993170
4591680
2714856
5841451
3831297
5856387
4952429
5616200
5826165
3706481
2757368
4062668
2914363
4218899
5719552
3864471
2522479
4237671
5276331
4565795
4143040
2571610
4604494
4062944
3020774
3616249
5338450
3332108
3011021
4475234
2658654
3021951
3974937
3240579
4338712
2613547
4284155
5354128
2839782
5551854
4212139
4515610
2960813
5490581
5908731
4595255
5757120
5361275
3768867
3161864
2691700
5389539
5754774
4938885
3673241
3217750
4663670
4252937
3932654
2734319
3759438
3886247
5243559
4030735
4075215
4786802
2799174
5012569
2613411
5179711
5391365
4693644
3600710
2737169
4776814
5958701
5782623
4065644
4639178
5459639
5023251
3142318
3649968
5077250
5812833
4203631
5645721
4713127
5079839
2552212
4150364
3551243
4478603
3223356
5951021
4450982
4514672
2507937
4858507
5644432
5931698
3560553
3659772
4311462
5024910
4760812
5922386
4207067
3127445
5695029
5777017
5963056
3634402
3988768
3147938
3309191
4073780
5284878
5717129
2503005
5682649
4557484
5747748
3404780
3770986
5070069
5537421
5696642
3878300
5430241
4275744
5083182
4661774
2988689
5879730
2982807
3873294
4520558
4260528
3488055
4739672
5299640
3017555
5653269
3208777
2681016
3621647
3866039
5504570
4554942
5615102
5776990
3513220
5861385
3066528
4309521
4428047
3918512
3325580
5021254
3223912
2793677
5902237
4510672
5349907
5425972
3582895
4813963
4141294
3385895
3922676
4595384
4685985
4464721
4781422
5646968
3905004
2601256
4849261
5330681
2921807
4620616
2609295
3062185
3155853
3768995
3938729
2732546
5285512
5323992
5854752
4170638
5776588
4633809
3021404
4439690
3340945
3533899
5302030
4052848
3371371
5809122
2979174
3983288
3021892
2985417
4859848
2614529
3202500
4755307
3255290
5171561
4486619
3416324
3330625
3962084
4471042
4877844
4259472
5410510
4305555
3997198
4942376
5696840
3861450
5643511
3312483
3530637
5851087
5849250
2709869
3565978
4114540
4598378
3086472
2668636
4019823
2709977
2925833
4889127
4066053
5234173
3394314
4548950
2539349
5408203
3361815
4429365
3982241
5527008
4130814
3949774
5017674
5925392
3289684
3828281
2858400
4351738
5698420
4628349
4359639
4235108
3326927
4925539
2623906
2855205
3506919
3401523
5923328
3195643
3501631
5546653
3956945
4108900
3379548
3413737
3470697
4469803
3052495
4550030
3681365
5481701
2545204
2712246
4963822
3018089
3530493
3134657
5759460
2891858
3781120
4135512
5531336
5730126
3054432
4838327
3498102
5104069
5353987
3580894
2721254
5454226
4606893
4473122
4625232
3760019
3102046
2820987
4469409
4088176
4873101
5491783
4629876
5308185
5855388
3224303
4302446
3973804
4526619
4802090
2936153
4673365
4271419
2609149
5029604
4357203
5049328
4764073
4397869
3971049
2560852
2999778
3806324
5624527
5693326
5909316
2553904
5163380
5171761
3866274
5917621
3037986
4443320
5472955
3933220
3276739
2671508
3689977
4059445
3018206
3700785
4522218
4512799
2636415
2689160
3523541
3320147
4736722
5616119
5477089
5686802
2939656
5203621
5929251
4191021
4005355
4181318
5363268
5909041
4593688
5472282
5678277
5612801
3987896
5702003
4046752
5730347
5879282
5425981
4093376
3646755
3652915
5912512
2767642
2569336
3649036
4216936
2708782
5167680
4522104
5162862
4681258
4813788
5749097
4731650
4286913
3063356
5664684
5543091
3222236
3827739
2715958
4650580
4302695
3394207
5316285
5253680
3916361
3563735
2879222
4252463
5892694
3069179
5217675
2908589
4770546
5384041
3201745
5863780
5583299
4464748
5162190
3424660
5622870
5082390
4718305
4577080
4056909
2633451
2996995
3611285
3000949
4839213
3131851
5397653
5704337
5619142
3037150
2676206
5067725
5096228
4493606
4787027
3606047
3559720
4922871
3489846
3911316
4992470
4746318
4284846
5059747
5161435
5875200
5890639
5270685
3282050
3980828
4501654
3614913
5263666
3235049
3851168
3920407
5011561
4625555
3881774
4796141
3609291
3710910
3674497
2736198
5016468
4145211
2724928
3345307
5132466
3184627
5238425
4395266
4306681
4586067
5724386
3401601
5186660
4070788
2986149
4972154
5216260
5459074
3220215
4382739
5130170
2513211
5695682
2619497
3006316
5997748
3559491
2561963
4711618
5090300
3088630
4672897
5187662
3138535
3718211
4769806
3727278
4742112
2756073
3540151
5909799
2503899
4920970
4790557
4927859
5943691
2797433
5284714
4755365
4662221
3384471
4020337
2729124
4747396
5831447
2626572
4447367
3588079
3185773
3927012
3763535
3944486
2673915
5674844
4928959
5645289
3007372
2576801
5010298
5520288
2994109
5738840
5688125
5638967
5740925
5602483
2866205
5667292
5744080
4048239
3009718
4223183
3782162
5245186
4458011
5346821
4349992
3520453
5058252
3334083
4931001
5408333
2893819
3378943
2998400
3434992
2789613
5580964
3905034
5922269
5348969
2964756
3180765
4064170
5583559
3037414
2790508
2952137
4703910
3288320
4999170
3622475
3237659
3127224
5607616
3454870
5757037
3382505
3489790
2707972
2971473
5445366
3405058
2843209
4168766
5851499
3504160
4123053
3472194
3207485
5365541
5461474
3170162
5760341
2576417
4067576
4779603
5965699
4411942
4781906
4250752
3535891
3525920
3618077
2939693
4276769
5696360
4455729
5735803
3786725
5772762
5208777
5088348
4516492
2792237
5417259
5618622
5560224
5336381
3878703
3335242
5886070
5389114
4544521
3488350
4766659
3067999
3166100
3723803
5418579
3249472
3735157
5116236
3134108
4223360
2702670
4437606
5377959
2964159
4509180
3739402
4712864
4508678
5656914
2540489
5827276
5899439
2562444
5477050
5782621
5231793
5065415
3044654
5008898
3742250
3974707
3213190
4157510
3267139
4260497
2829266
4123275
3735058
3764988
2560164
5672801
3467245
5808485
5229552
4111870
4352463
5858599
2628255
3301892
4358974
3203296
5711110
4191442
5981551
3737259
3520225
3339141
2587374
5753848
2723673
4742986
4215416
3623713
4880741
3895808
4644559
3543010
2533222
4074013
2868106
5712121
5847482
4528556
3408585
2596296
4065352
4310286
3966914
4916578
3630820
3907157
4169987
4585270
3010508
4785040
3545624
3522518
4927048
2940322
5370817
3329207
3020138
5786959
4251511
4006260
4437051
4351726
4963607
5486368
5160424
5930549
3964146
5943260
4497477
4795404
3873759
4583268
4338615
5496370
5649017
5042142
4384879
5969095
3165689
5259306
3619228
3636091
2793686
5756122
4595842
4423187
3463748
2759541
2594381
4460348
3912254
3741634
5234533
2804116
4210815
4825218
3059361
2941486
4186470
3544446
4773195
5715955
2954972
5739634
3808825
2552748
5171835
4250807
3636624
3345528
5052204
5883030
2504778
3988715
3779424
3023241
2791953
4725622
3756793
5932997
4854969
5382221
2806124
2906361
5706626
3403767
2838240
5100368
3787143
5397438
4914779
5233561
4318347
4168401
5069046
5497032
3048948
5859574
3037368
5391516
4440098
5210505
5195532
3685030
5067555
3379711
4654496
5239645
2950137
5952515
4889116
3164273
3262555
5256299
5579846
2657264
2757676
3699115
4037258
4368075
5544578
4822053
4461761
5227732
4572245
5013896
4439321
5278024
5715456
5084373
4593900
5066360
3134839
2520017
2808523
5342903
3785491
2601928
5609107
3983913
2506433
5138523
3274046
2513481
3667162
5014508
5365212
5749196
5218767
3488558
4452827
3212911
3896565
3620590
4325669
3674378
5888396
4292713
5573926
4363184
3820298
2712811
3368122
3287960
5998375
4114918
5147268
2737396
3470191
5776659
3434343
2897228
2735819
3170726
5618049
4914980
2847765
4762036
4552403
3171936
3845543
4388279
3094038
3538670
4772560
4291866
3658271
4711009
4294200
3800859
2967125
2565591
5367379
2813611
3460813
3886947
5310712
4136351
4532820
4749611
4977328
3701587
4374545
4218181
5110863
4226379
3182083
5377264
5879705
3533679
2752311
2979567
5496133
5796296
3214764
3223362
5576142
3824081
3415982
3598371
4407355
5119182
5171149
4876118
5533967
2970734
3604672
4935595
5665162
3734930
4722972
3375293
3130398
2507515
4366876
2725199
2633064
4581159
3984469
2745641
5613546
4951986
5473893
5838686
3012786
2976844
5557967
4704474
5427426
5899120
2810281
5718091
3165432
4535101
5122663
3031275
3166413
4739245
3866429
4690995
5275040
4903674
3009742
2727712
4598853
4122811
3780935
3445209
4778778
3367934
4638073
3148494
5753332
5972370
3877765
4948063
3669116
5860454
4397345
2774251
4388819
3227117
5293575
3190953
3590538
4539274
3711828
4095044
2902607
2734920
3116738
2583690
3900878
4257508
5532580
5271949
5598748
2608715
3800971
5579621
4381193
5079049
3506860
3258161
3234067
3556589
2810812
4380873
5548099
5431734
4042004
3105211
5597887
5080865
3351788
2846894
4785577
4109636
2771361
4643895
2943326
5436883
4234986
5090607
5963505
5295631
4402357
3769997
5087146
5096588
3464436
4592008
5217748
5075028
3243302
5262516
3411853
4372796
3919526
4606530
3242987
3427744
4769234
5002338
5283641
2890590
3003350
3008697
5420365
5007918
2641226
3629048
4944621
5716321
4813077
3165521
2956309
4744313
4096392
4594259
5830497
2765209
3671502
2890789
3491388
5652421
4371167
4245895
5471622
4580867
4862763
4395191
5997500
4145005
5903975
5541130
3731881
2713027
5140340
3866500
4488122
3652639
3081337
5286918
3163325
4674090
2880593
2989774
3396345
4253013
2976331
4805867
3014358
5725614
4638777
3841734
3973098
2896462
3766374
3675690
2643606
5271416
3763013
2925182
3087326
5983553
4612124
2941071
3697098
4436689
4095825
2760457
2975120
3275790
4340335
3595641
2647525
4850390
3310262
3425395
2535068
4955050
4763269
5806159
5108546
4826264
4422633
5414519
5425665
2670187
4174527
2625306
3147363
5715019
3127825
4236922
4137005
5374053
2948512
4647379
3627441
3296304
4285351
2767820
3062137
3028435
3231825
5794927
5056682
4919380
4790966
3464700
5278615
5540097
4445798
5118691
5010564
3773449
4896075
2870269
5248412
4633247
3428745
4879750
3983698
5146881
3449647
4931173
3692723
4138580
2775145
5957221
3399159
5785006
4829349
3588688
5550553
2669433
3602057
4453676
4816693
5688495
5160095
3243433
3245577
3395396
3020309
2602052
4381292
3511961
4587899
3311479
4748138
2649495
5076336
3021084
3988376
3717273
5205289
3683095
5167376
2934024
3255408
4201649
5191393
4144186
2825130
2733252
3657644
3254336
2785406
5066391
5072817
5287828
3330681
2717246
4862714
5338195
4671226
5188388
3353913
3647410
2827709
4029623
4147375
5650342
4619651
4817669
5497072
4596100
3385648
4117108
2755513
4295396
4798260
2981973
5164585
3645742
5921246
4824732
5397383
5484852
3936098
5661818
4857931
4312381
3922215
4668311
5612620
5738176
5421995
4079502
5159795
3987612
4863540
3319085
4639657
4024664
4253295
4126684
5666917
5509478
5764513
5718506
3148526
3034889
3206007
3985500
3449735
4525084
4698011
4608255
4142820
5235892
2946947
3884009
4354099
3110481
4329105
3762307
2710029
5952131
5771492
5149697
3178975
4693445
4786418
5157444
4033136
3709712
3468161
3956293
3892888
4289223
5331935
3793650
5376900
3859984
2543821
2916910
5869779
4523662
4662830
2679881
5255904
4908262
4804794
3776426
5017299
4814359
3285911
5520213
3246728
2926968
3889087
3175754
5254824
3332042  
4393084
5119705
4890329
4526717
3921413
3401733
4376244
5605546
4795312
4647749
4849704
3278194
5136230
2702312
4386071
4511815
3932585
3117525
2523066
5080931
4923900
3244281
3337087
4931920
2995192
3224448
3844761
2578093
3159733
4212983  
4103151 
4840214
3305491
4930409
3345786
5902698
3453737
5670432
3088571
4601093
5467478
4204941
5123915