2500304
2500968
2501565
2502001
2502258
2502895
2503253
2503296
2503406
2503512
2503596
2504778
2506742
2506794
2507236
2507666
2508604
2509746
2509977
2510105
2511044
2511128
2511710
2511725
2512048
2515610
2516055
2517525
2518014
2519482
2520281
2521548
2521710
2522155
2522378
2522881
2523154
2523896
2525063
2525341
2526571
2527899
2528438
2528472
2528518
2529681
2530770
2532664
2533782
2534962
2536889
2537604
2539148
2539566
2539735
2542256
2542354
2542611
2544679
2544772
2544995
2545751
2547029
2547731
2547897
2549185
2550926
2551072
2551173
2551276
2551573
2552340
2553072
2553510
2553616
2554236
2554356
2555648
2556224
2557973
2558468
2559643
2559705
2561103
2561127
2561248
2561796
2561856
2561893
2562653
2566284
2566789
2566810
2566886
2567270
2567361
2567782
2567868
2568928
2569313
2569455
2569723
2570896
2571446
2571690
2572549
2572957
2572988
2573594
2574872
2575632
2575912
2576387
2576495
2576669
2577145
2577451
2577962
2578262
2578365
2578807
2579552
2580699
2581004
2582061
2582716
2583177
2584397
2584417
2584607
2584847
2585481
2586269
2587322
2587468
2588899
2589015
2589052
2589178
2589876
2590113
2591648
2592713
2593218
2594599
2595205
2595703
2596116
2596238
2596505
2596758
2597273
2598118
2600108
2600886
2601211
2601655
2602046
2603697
2603967
2605086
2605917
2607053
2607083
2607172
2607761
2609727
2610651
2611151
2612284
2614415
2615119
2615365
2617272
2617849
2618056
2619003
2619592
2620139
2620660
2622352
2622563
2622846
2623016
2623209
2623861
2623977
2623989
2624312
2624590
2624784
2625139
2625502
2625842
2626275
2626498
2627065
2629319
2630125
2630140
2630323
2630759
2631197
2631748
2632585
2632707
2633385
2633392
2633631
2633773
2634135
2634431
2636440
2637574
2638226
2638466
2638584
2640140
2640779
2642558
2642860
2643461
2644870
2645492
2645919
2646409
2648780
2649018
2649869
2650412
2652086
2652162
2652904
2656974
2658420
2658521
2658877
2659855
2659891
2659942
2660845
2660902
2661395
2662488
2662569
2663242
2665206
2665776
2665960
2666297
2666972
2667954
2668576
2668968
2669143
2669598
2670006
2670052
2672262
2674209
2674768
2675529
2676574
2676694
2676912
2676968
2677548
2678795
2679354
2679553
2680202
2680775
2681751
2682122
2684256
2684375
2684694
2686965
2687741
2688008
2688351
2688600
2688885
2689257
2691139
2691490
2692161
2692987
2693525
2693666
2695959
2697740
2697790
2698350
2698940
2699133
2699499
2699757
2700000
2700689
2700871
2702684
2704689
2704755
2705288
2706219
2707404
2708421
2710039
2710168
2713414
2713803
2714500
2714849
2715311
2717085
2717916
2719575
2720227
2720531
2721960
2722398
2722989
2723072
2723462
2724504
2724573
2725771
2726077
2727949
2728528
2729638
2731571
2731649
2731750
2732835
2735465
2736147
2741288
2743255
2745312
2746174
2747207
2747332
2747784
2748273
2749478
2750340
2751491
2751676
2752814
2753366
2753598
2754505
2756449
2756682
2756731
2758787
2759587
2761577
2761730
2762590
2762690
2762768
2763013
2764588
2764959
2765182
2765356
2765357
2766341
2767076
2767327
2767606
2767634
2768195
2768580
2769156
2770209
2770375
2770694
2771176
2772651
2775486
2775603
2776480
2779342
2780401
2780798
2780923
2781211
2781609
2783058
2784530
2786379
2787450
2787916
2788190
2788345
2789157
2789558
2789716
2790231
2790506
2791312
2791453
2792081
2792568
2794406
2795724
2796245
2796343
2797498
2799119
2800424
2800680
2801059
2802339
2805657
2805836
2806547
2807880
2808059
2808474
2808845
2810147
2810605
2811723
2811819
2811951
2812003
2812864
2813161
2814700
2815306
2817654
2817795
2818731
2818806
2818904
2818982
2819813
2819860
2820337
2820391
2820643
2820692
2820903
2821175
2821254
2822760
2823478
2823800
2824444
2824562
2825363
2825584
2825918
2827438
2827695
2827798
2827881
2828252
2828329
2828528
2828747
2831451
2831466
2832936
2833333
2833624
2833726
2834381
2834651
2834852
2835807
2835933
2836633
2837572
2838171
2839143
2841349
2842226
2842413
2843657
2843832
2844421
2845242
2845482
2847149
2847543
2848134
2848704
2849179
2850227
2850783
2850883
2850944
2851561
2852317
2854190
2854442
2855464
2856030
2857704
2857753
2858164
2858556
2859170
2859701
2860486
2861016
2861285
2861294
2861313
2861686
2862535
2862912
2863119
2863233
2864434
2864494
2865765
2865873
2865914
2866054
2866075
2866119
2866651
2867596
2867741
2868533
2869672
2870715
2870959
2871479
2872168
2874297
2874656
2875709
2876404
2876408
2876901
2876929
2877033
2877278
2878703
2878737
2879246
2879340
2882221
2882794
2883030
2883834
2884422
2884986
2885636
2886969
2888253
2888755
2889187
2889291
2889754
2892805
2893651
2894109
2894637
2895224
2896857
2896909
2898411
2898496
2898673
2899302
2899767
2900307
2900826
2902045
2905663
2906262
2907009
2907378
2908732
2909970
2911582
2913934
2915024
2915041
2915549
2917398
2917436
2917526
2919184
2920316
2920780
2921188
2921191
2921336
2923517
2924236
2924346
2925106
2926117
2926667
2927854
2929906
2930107
2930119
2934216
2934240
2934783
2936717
2938348
2938857
2938976
2940956
2942686
2944791
2945177
2945367
2946826
2947189
2949677
2950019
2951242
2951322
2951326
2953527
2954060
2954277
2955864
2956169
2957046
2957500
2957553
2958519
2958524
2959456
2959505
2959781
2960696
2961230
2961375
2962525
2963301
2963687
2963898
2965825
2965959
2966179
2967011
2967395
2967707
2968590
2969021
2969552
2970006
2972437
2973051
2973340
2974619
2975143
2975409
2977828
2977998
2978211
2979723
2979983
2980286
2984427
2984774
2985798
2986447
2986794
2988091
2988465
2988599
2989047
2989690
2990502
2990920
2993051
2993541
2996527
2997332
2997448
2998423
2998721
2999085
2999322
3000188
3000754
3003556
3004025
3004142
3004452
3005002
3005251
3005463
3006168
3007814
3009562
3009952
3010162
3010677
3012142
3012147
3012754
3012763
3013774
3014347
3014884
3016283
3017362
3018453
3018985
3019230
3021549
3022010
3022463
3024054
3024095
3024779
3024852
3025366
3025593
3026814
3027171
3028995
3029152
3029575
3029601
3029905
3030223
3030632
3032118
3032240
3032352
3033006
3034015
3035348
3036824
3036865
3036999
3039692
3040751
3040809
3041555
3042271
3043445
3044638
3045038
3047122
3047238
3047860
3048139
3048845
3049001
3050846
3052529
3056352
3056408
3057149
3057561
3057896
3058902
3059159
3059437
3060933
3060975
3061404
3062173
3062360
3063974
3064529
3065456
3065553
3066167
3066367
3066386
3066971
3068005
3068381
3069093
3070051
3071263
3071458
3071519
3072336
3072429
3073494
3073656
3073927
3074214
3074259
3075369
3076124
3077986
3078136
3079631
3080138
3080397
3080846
3080974
3081815
3081995
3082344
3082538
3082940
3083775
3083924
3084074
3084409
3084562
3084617
3086296
3086327
3088466
3089909
3090142
3090909
3091706
3092529
3092667
3092717
3092818
3093411
3095162
3095302
3095444
3095548
3097231
3098352
3098623
3099091
3099313
3100779
3101477
3103971
3104979
3105357
3105798
3108759
3108837
3109466
3109836
3110823
3110856
3111280
3112018
3112152
3112255
3112936
3114183
3114724
3115235
3116205
3116236
3117034
3117772
3117884
3117974
3118821
3118891
3119366
3119993
3120914
3121114
3121134
3122536
3123167
3124802
3125105
3125236
3125378
3125954
3126640
3128570
3128753
3129943
3130380
3132519
3132990
3133403
3134241
3134842
3136700
3138654
3138807
3139701
3139886
3142651
3142740
3142940
3144273
3144842
3145455
3145484
3145878
3148169
3148447
3148473
3148652
3149085
3150892
3152496
3152765
3153224
3153957
3154843
3155057
3157246
3157510
3157887
3158426
3159472
3160330
3161495
3161903
3162079
3162789
3164367
3165047
3165896
3165958
3166858
3167151
3168628
3169386
3169400
3169450
3169973
3172580
3172924
3173866
3174734
3175052
3175461
3176351
3176501
3177549
3177945
3178034
3180345
3183287
3183356
3183425
3183476
3185904
3188366
3188612
3188656
3188823
3189114
3189222
3189255
3189647
3189652
3190887
3191270
3191970
3193402
3194229
3195186
3195694
3195981
3196030
3196863
3196871
3197724
3198083
3199352
3199987
3201470
3203217
3204217
3204612
3207377
3207879
3208115
3208401
3208986
3210315
3211788
3213039
3213091
3213156
3213228
3213264
3213882
3214236
3216400
3216571
3216598
3216724
3217286
3217765
3218300
3219058
3219678
3219787
3220094
3220399
3222063
3222708
3222721
3223137
3223929
3224289
3225955
3226069
3226587
3226879
3227002
3227307
3227379
3228599
3229266
3229370
3231416
3231846
3231858
3233487
3234300
3234389
3235291
3235645
3235868
3236229
3236460
3236609
3236716
3236887
3237047
3238416
3238461
3239194
3239459
3240006
3240268
3243442
3243736
3243944
3246481
3247051
3247824
3247891
3251114
3251572
3252562
3254179
3254868
3256532
3257628
3258458
3258795
3258919
3259069
3259552
3260094
3260932
3261696
3262160
3263429
3263543
3263554
3266310
3268590
3268984
3269241
3270026
3270133
3271631
3273285
3281431
3283830
3284363
3284689
3286918
3287282
3287610
3287756
3287931
3288343
3289232
3289517
3290207
3290628
3291004
3292558
3292749
3292875
3293788
3294058
3295078
3295457
3295529
3297650
3298519
3298778
3299081
3299086
3300644
3300759
3301269
3302014
3302279
3303505
3303782
3304295
3304823
3305515
3305832
3305902
3307829
3308363
3309974
3311321
3311327
3311434
3311799
3312868
3314065
3315156
3315319
3315974
3316731
3317595
3319334
3319418
3321858
3322356
3324567
3325888
3326392
3326436
3326508
3326619
3326971
3327787
3328288
3328750
3329070
3329647
3330264
3331392
3331419
3331625
3331675
3331773
3332283
3332388
3332430
3333468
3333972
3334807
3335455
3335518
3336010
3336803
3336896
3336916
3337257
3337398
3337996
3338252
3338705
3338979
3340322
3341000
3342930
3343101
3343118
3345060
3345693
3345934
3347543
3348702
3349551
3350360
3350828
3351043
3351057
3351599
3353746
3354519
3355191
3355270
3356946
3357539
3357674
3357720
3358569
3359936
3360484
3360903
3362066
3362191
3363117
3363167
3364139
3365334
3365961
3367272
3367792
3368748
3369452
3369526
3370195
3370578
3370651
3372100
3373273
3373943
3374101
3375077
3377299
3377769
3378531
3378693
3379951
3380074
3381456
3382413
3382557
3382982
3383308
3385503
3386274
3386368
3387845
3388138
3388934
3389302
3389731
3390409
3390689
3390872
3392666
3392879
3392989
3393030
3393989
3394152
3394966
3397271
3397584
3398502
3399056
3399736
3399924
3400719
3401189
3401560
3402206
3404033
3405448
3407280
3408669
3409008
3409673
3412067
3412667
3413387
3414768
3415590
3416297
3416458
3416739
3417265
3417909
3420270
3420705
3421206
3421408
3422092
3422125
3422202
3423114
3424033
3424153
3424604
3425650
3425892
3426368
3427304
3430723
3431681
3431767
3435566
3439531
3440163
3440724
3442818
3444548
3445340
3445453
3445739
3445951
3446156
3446174
3447458
3448560
3448693
3449271
3449669
3450282
3452023
3452240
3452708
3453277
3453856
3455012
3455149
3456001
3457363
3457867
3458966
3459619
3460016
3460222
3460874
3463685
3463956
3463959
3465075
3466075
3466526
3467929
3468358
3468854
3468941
3469325
3470998
3472261
3472597
3475529
3475623
3475857
3476033
3476463
3477256
3477457
3477482
3479109
3480587
3481298
3483920
3484322
3484372
3484567
3487485
3488381
3488863
3490613
3493147
3493544
3494153
3494524
3494944
3496452
3496566
3497509
3498342
3499826
3500829
3501289
3504625
3506348
3508501
3510018
3510219
3512711
3513090
3514870
3514899
3515508
3516152
3516194
3516606
3516726
3518300
3518306
3518324
3518792
3519254
3519333
3519561
3521144
3521453
3522238
3522533
3522535
3523215
3524364
3525586
3525722
3526217
3529834
3530097
3530896
3530925
3531155
3531278
3531360
3531441
3531624
3531785
3532550
3533393
3534314
3534684
3534736
3535587
3535837
3537109
3537869
3538893
3539465
3540122
3543447
3543923
3544860
3546090
3546190
3547850
3548203
3548460
3548968
3551109
3551253
3551395
3551643
3553522
3555652
3556497
3556505
3556866
3557034
3557478
3558062
3558233
3558486
3558962
3559438
3559580
3560920
3560947
3561220
3561770
3561837
3562639
3563389
3563472
3564353
3564803
3565565
3565613
3566283
3566611
3566721
3567269
3567688
3568198
3568327
3570504
3571492
3571594
3572306
3573446
3573968
3574559
3574640
3575543
3575614
3575625
3576070
3577965
3579041
3579307
3580019
3583169
3584773
3585774
3590631
3591253
3591279
3591477
3592237
3593924
3593994
3594884
3595168
3595276
3596947
3598015
3599144
3600400
3601778
3602297
3606079
3606245
3606856
3607225
3608288
3608366
3609482
3609490
3610702
3611113
3613684
3614315
3614982
3615034
3616286
3617134
3617225
3617259
3618434
3618628
3620522
3620777
3622991
3625460
3626056
3626359
3627859
3628164
3628724
3630151
3630204
3632168
3632732
3634073
3634701
3634929
3636275
3636488
3636496
3636861
3636954
3637052
3637333
3638511
3638874
3638885
3639408
3639805
3640132
3641054
3641438
3642016
3644119
3644898
3644981
3645060
3645799
3646040
3646404
3648329
3648587
3649195
3651144
3651617
3652184
3652189
3652325
3652856
3653457
3653677
3654589
3655727
3656177
3656490
3656714
3657283
3658218
3659822
3660086
3661332
3661487
3661543
3662464
3664877
3665641
3666181
3666449
3666464
3666756
3667188
3667491
3667869
3668457
3668680
3668848
3670637
3672094
3672480
3672758
3674069
3674320
3675378
3676344
3676643
3676860
3677214
3678074
3678393
3678755
3679293
3679786
3680480
3682117
3682579
3683989
3686751
3687135
3687192
3687378
3689129
3692051
3692824
3693619
3696133
3696371
3697358
3697570
3699386
3699992
3700025
3700193
3700251
3700343
3700675
3701126
3701461
3704112
3705115
3705162
3707955
3708718
3709244
3710061
3710802
3711190
3712143
3712672
3713385
3715064
3716583
3718292
3718331
3718444
3719096
3720377
3721968
3722103
3722695
3722976
3723112
3723911
3724052
3724997
3725653
3725933
3726869
3727207
3727244
3728068
3728709
3729285
3729607
3733810
3734795
3735334
3735746
3736427
3738163
3739118
3741687
3741690
3741795
3741970
3743079
3743593
3744307
3745085
3745519
3745535
3746750
3747488
3747766
3748268
3749035
3750130
3750708
3751263
3752511
3754257
3754689
3756702
3757243
3758839
3758887
3759952
3760460
3760470
3760529
3761470
3763115
3765124
3765603
3766746
3766792
3767230
3767787
3767865
3768526
3769299
3769703
3770530
3770714
3771396
3771442
3771707
3774420
3774987
3777364
3777417
3777936
3778648
3779082
3779344
3780722
3780813
3781377
3781811
3782694
3782837
3783346
3783921
3784025
3784526
3785338
3785835
3787194
3788270
3789836
3790351
3790546
3791276
3792353
3792717
3793424
3794412
3795447
3795980
3796050
3796244
3797151
3797874
3798198
3798226
3798649
3798906
3799339
3799478
3800631
3800844
3801782
3802446
3802799
3803967
3806030
3807976
3808270
3808401
3809136
3809407
3809986
3810350
3811263
3811626
3811816
3812159
3812516
3812640
3813067
3813274
3813860
3815120
3815135
3815725
3816512
3817612
3818722
3819050
3821721
3822236
3825502
3826919
3829237
3829724
3831233
3832457
3832703
3832955
3833691
3833725
3833788
3833853
3834388
3835506
3835680
3836159
3836526
3837380
3837787
3839034
3839865
3839901
3840092
3840113
3841035
3841094
3841690
3841839
3841890
3842766
3843792
3844191
3846824
3847953
3848430
3849175
3850071
3850923
3852254
3852565
3854677
3855556
3855883
3856113
3856472
3858049
3859423
3860296
3861970
3862516
3862662
3862815
3862837
3863116
3865099
3865178
3867090
3869418
3870706
3870929
3872538
3873510
3874363
3875133
3876254
3876360
3876640
3876725
3877262
3878156
3878793
3878879
3879170
3879611
3880098
3880166
3881305
3881607
3881942
3882193
3882247
3882639
3882950
3883068
3883533
3883604
3883821
3884063
3885055
3885244
3887159
3888109
3888151
3888782
3889916
3890119
3890699
3891049
3892662
3893059
3893214
3894076
3895700
3896378
3896501
3896611
3898145
3899013
3899285
3899906
3900180
3900352
3901214
3901364
3901754
3901804
3902694
3904248
3904462
3904633
3905083
3906694
3907122
3908718
3909801
3910139
3910193
3911058
3913087
3913185
3913668
3914584
3914821
3916207
3917896
3918463
3918487
3918614
3919445
3920455
3920478
3920843
3920939
3921454
3921575
3922160
3922461
3922642
3923193
3923625
3924149
3924346
3925853
3926664
3928024
3928033
3928067
3928566
3928712
3928766
3929763
3929767
3931091
3932137
3932157
3933400
3933615
3935443
3935548
3937682
3938205
3938294
3938784
3939605
3940250
3940355
3942000
3942148
3942395
3943693
3944719
3945789
3946207
3946693
3947014
3947161
3947353
3947856
3948198
3948736
3949322
3950108
3950199
3950397
3950808
3951271
3951660
3952204
3952497
3952499
3953848
3954358
3954433
3955427
3956465
3957354
3958082
3958490
3959333
3960825
3962110
3963095
3964367
3966419
3966901
3968989
3969289
3969465
3969468
3971092
3971120
3971901
3971978
3973992
3975709
3976944
3977056
3977904
3978918
3979458
3979540
3982761
3983457
3984855
3987917
3989325
3989423
3989530
3990443
3991083
3991644
3991859
3992094
3992737
3993299
3994590
3994727
3994905
3996064
3997337
3997465
3997678
3997918
3999074
3999577
3999968
4000065
4000697
4000751
4001715
4002797
4003111
4003665
4003807
4004499
4004506
4005820
4005996
4006069
4006293
4006837
4008142
4011777
4012803
4012866
4013373
4013457
4013943
4014329
4014597
4015714
4015725
4016170
4016213
4016217
4016244
4016629
4016940
4017404
4017911
4018592
4018907
4019665
4019822
4020152
4023393
4025858
4026179
4027954
4028938
4028991
4030011
4030994
4031747
4032194
4032476
4032586
4033197
4033936
4035546
4037042
4037688
4037826
4038840
4038846
4040117
4041803
4042093
4042344
4044279
4044435
4045098
4045703
4047071
4048626
4049018
4049065
4050978
4052382
4053242
4054648
4055669
4055868
4055933
4057710
4057898
4059052
4059417
4059739
4060339
4061302
4061945
4061948
4063208
4064959
4065044
4065598
4065804
4067636
4069740
4070686
4071405
4071681
4072012
4072016
4073592
4075000
4075143
4077532
4078916
4079638
4079691
4079917
4080411
4081494
4081727
4081790
4082123
4082135
4082707
4084019
4084117
4086150
4086894
4089340
4090450
4090803
4091518
4093157
4093318
4094004
4094788
4094924
4094965
4095204
4095358
4096627
4097209
4097234
4097422
4098232
4098522
4098588
4099574
4100045
4100349
4101991
4103437
4103826
4104314
4105175
4105372
4105440
4107280
4107592
4107911
4108749
4108827
4109356
4111141
4112518
4113552
4113846
4115192
4115611
4116465
4116487
4116573
4117659
4117689
4117825
4119061
4120092
4120599
4120829
4121898
4121982
4122198
4122364
4122425
4122605
4123876
4124001
4124101
4124545
4125313
4125386
4125953
4126132
4126147
4127325
4127563
4127963
4129838
4130390
4130600
4131101
4132453
4132629
4132658
4133649
4134121
4134691
4134941
4135407
4136158
4136621
4137111
4137500
4137589
4138272
4139134
4139773
4141689
4142432
4146270
4146307
4146582
4146583
4146908
4147041
4148552
4149968
4150477
4150912
4151295
4152101
4152400
4153389
4153913
4153972
4154786
4156158
4156338
4157527
4158099
4158739
4159780
4161160
4161298
4162825
4162963
4162964
4163239
4163495
4163574
4165291
4165856
4166711
4166798
4167817
4168249
4168537
4168708
4168939
4168975
4169666
4170492
4170533
4170993
4171240
4171637
4172824
4172968
4173088
4173299
4173372
4174839
4175318
4176784
4177234
4177319
4177427
4178158
4178504
4178891
4179207
4179717
4179982
4180053
4181212
4181764
4182942
4184139
4184147
4184450
4184771
4184855
4186386
4187349
4187507
4189299
4190905
4191000
4191472
4192070
4192354
4192612
4194643
4194948
4195757
4195820
4196827
4196875
4197854
4197910
4198192
4199553
4199946
4200777
4201507
4201788
4201993
4202845
4203001
4203121
4203690
4204513
4204730
4205665
4206618
4207239
4207797
4208635
4208769
4209680
4210487
4210640
4211444
4212058
4212542
4213210
4213473
4214068
4215436
4215525
4216664
4216875
4217565
4219561
4220060
4220111
4220532
4220620
4221675
4223062
4223236
4223345
4224001
4224263
4225160
4226303
4226957
4227022
4227696
4227903
4229392
4230461
4230945
4231708
4231902
4232359
4232396
4232653
4232717
4232795
4233098
4233926
4234173
4234755
4235255
4235834
4235835
4238804
4239310
4239878
4240985
4241807
4242098
4242191
4242430
4242848
4243130
4245312
4245320
4247226
4247542
4247757
4248048
4248656
4249102
4249316
4249892
4250159
4251785
4252055
4252506
4254502
4254741
4255289
4255332
4255686
4257239
4259164
4259601
4260286
4260393
4260628
4260641
4262304
4262774
4262908
4263441
4263683
4263685
4265386
4265926
4266425
4266586
4267244
4267340
4267855
4268452
4269023
4269552
4269591
4270209
4270467
4272140
4272246
4276192
4278942
4279246
4279519
4280108
4280750
4281573
4282303
4283745
4284430
4285428
4288704
4288806
4289274
4289499
4291074
4293243
4295461
4296155
4296924
4298378
4299191
4299618
4299625
4301082
4302785
4304145
4304441
4304567
4305485
4306020
4307978
4308609
4309205
4309422
4309633
4309783
4310517
4311076
4311870
4312213
4314870
4315614
4315679
4315776
4317230
4318354
4320765
4321428
4323177
4323418
4323903
4324680
4325308
4325388
4325441
4326169
4327378
4327562
4328026
4328077
4329239
4330089
4331079
4332086
4333436
4333998
4334114
4334132
4334681
4335732
4336772
4337064
4337173
4337378
4337777
4338399
4338476
4340923
4341671
4341719
4342171
4343809
4344804
4344878
4344957
4346052
4346179
4346412
4346744
4346988
4347854
4347866
4348162
4349608
4349857
4350387
4351005
4352105
4355077
4355492
4356028
4357322
4358515
4359023
4360374
4361398
4361519
4361588
4362473
4362525
4362819
4362995
4363328
4363386
4363450
4365763
4365926
4366016
4366687
4366816
4367214
4368346
4368721
4368832
4368923
4370008
4370852
4371007
4371392
4371740
4373136
4373535
4373779
4375275
4377433
4377436
4377940
4379344
4379722
4379966
4381304
4382120
4383577
4386787
4389058
4390067
4390191
4390908
4391376
4391395
4393099
4396385
4397506
4397628
4397652
4397875
4398068
4398120
4398818
4398943
4399202
4402986
4403490
4407113
4407291
4407596
4409069
4409539
4409853
4410741
4410912
4412273
4413324
4413524
4414158
4416485
4416625
4417559
4417569
4419165
4419927
4420320
4421289
4421418
4422037
4422664
4422860
4423230
4424700
4425043
4425274
4426751
4428251
4428561
4428576
4428959
4429212
4429894
4430057
4431618
4433392
4433482
4435025
4437529
4437589
4438357
4438362
4438548
4438801
4439644
4440076
4440341
4441209
4441599
4442044
4443150
4443217
4444355
4444565
4444889
4445352
4450281
4451257
4451284
4451286
4452290
4454902
4455396
4456809
4459793
4460001
4460370
4460979
4461546
4461919
4461972
4462396
4462500
4464828
4466447
4466984
4467417
4467873
4468024
4468755
4470662
4471071
4472858
4474240
4475814
4477481
4477533
4478064
4478726
4478834
4478933
4479297
4481122
4481421
4484966
4485061
4487788
4488184
4488515
4488765
4489026
4490013
4490940
4491955
4493207
4493408
4493418
4494278
4494890
4495513
4495797
4496090
4496274
4496799
4497391
4497618
4498102
4498582
4498844
4499314
4499383
4499473
4500114
4500838
4501202
4502374
4503182
4503549
4505479
4506138
4507182
4507330
4509913
4510597
4511835
4512261
4513941
4514068
4514158
4514865
4515599
4516523
4517639
4521359
4521500
4521614
4521683
4521991
4522736
4522817
4522861
4523410
4523503
4524805
4525504
4526012
4526303
4526936
4526960
4527065
4528426
4529170
4530884
4531042
4531070
4531888
4535535
4535944
4537343
4538664
4540203
4542294
4543386
4543665
4544484
4544833
4545358
4545424
4545505
4545723
4545824
4546450
4546806
4547295
4547592
4548068
4548245
4548406
4549097
4549988
4550841
4550881
4552484
4555495
4556405
4557232
4557881
4558801
4559915
4560053
4560714
4561537
4561671
4564957
4565084
4565848
4566052
4566174
4567797
4567913
4568367
4569113
4569251
4570133
4570372
4570553
4570673
4571435
4572163
4573041
4573257
4573554
4574333
4574461
4576721
4576871
4577262
4577432
4578600
4579568
4580601
4580866
4581340
4581463
4582284
4582293
4582483
4583403
4583933
4584137
4584754
4586282
4586718
4587109
4587225
4587397
4588134
4588262
4588561
4588951
4589575
4590933
4592027
4592579
4593147
4595306
4595391
4595899
4596302
4596440
4597193
4597545
4599084
4600069
4601599
4602196
4605013
4605666
4605716
4607472
4608283
4609201
4612038
4614562
4615661
4615937
4617251
4617286
4618617
4618753
4618876
4619714
4620216
4620886
4621624
4622889
4623722
4625999
4626903
4626989
4627203
4627891
4628022
4629768
4630095
4630263
4630561
4631588
4632482
4632940
4633135
4633691
4634267
4635388
4635691
4637327
4637694
4638040
4639059
4639446
4640285
4640376
4643255
4643741
4644650
4644990
4645282
4645366
4646336
4646606
4647625
4647822
4650989
4653513
4653882
4654818
4658317
4658943
4659463
4660994
4661524
4663763
4664373
4664818
4665833
4666890
4667153
4667881
4667907
4668687
4668913
4669426
4669757
4669945
4670022
4670088
4670199
4670210
4671602
4671948
4672323
4672996
4673122
4673839
4675652
4676079
4676128
4676368
4676437
4676505
4676818
4677367
4677399
4677474
4678213
4678832
4679434
4680130
4680912
4680954
4681388
4681865
4682779
4683289
4684615
4685411
4685589
4686271
4686520
4687255
4687661
4688687
4688721
4689375
4689541
4690646
4692389
4693481
4694314
4695020
4697805
4697879
4699878
4700386
4700836
4701460
4701672
4701675
4702506
4703617
4704061
4706571
4707702
4708225
4708853
4709402
4710014
4710064
4710587
4711366
4711550
4711602
4711654
4712437
4714128
4714699
4716738
4718543
4719817
4722717
4724312
4724923
4725016
4725399
4725414
4725442
4725553
4727489
4727768
4727988
4728030
4729709
4730570
4731323
4733517
4735161
4735408
4735737
4737328
4737397
4737411
4737529
4738316
4739032
4740998
4741222
4744075
4744224
4744898
4746530
4746729
4747182
4747816
4748397
4748447
4748657
4749823
4749979
4750867
4751279
4751521
4751622
4753945
4754398
4754712
4754727
4755156
4757040
4758590
4758909
4759083
4759294
4760656
4761297
4761454
4761519
4761749
4762408
4762560
4762934
4763587
4765571
4766088
4767169
4767266
4768356
4769200
4770836
4772345
4772552
4772627
4772672
4772833
4773500
4773727
4773837
4774438
4775269
4776566
4776781
4777348
4777551
4778097
4779573
4779899
4780834
4782710
4782759
4783052
4783251
4783629
4783799
4784522
4784760
4784921
4785706
4785846
4787659
4788253
4789016
4789155
4791148
4792814
4793087
4793403
4793612
4794807
4794894
4795020
4795826
4795980
4796529
4796832
4797581
4797598
4797768
4799151
4799189
4799213
4799404
4799510
4800559
4800796
4801197
4801875
4802010
4802070
4802963
4804059
4806408
4806517
4808399
4808719
4809153
4809554
4810590
4811417
4811517
4813638
4814837
4814893
4816879
4817510
4818085
4818464
4818722
4819248
4819329
4821010
4823784
4824204
4824692
4829373
4829732
4830375
4830732
4830795
4830802
4831556
4832226
4832365
4832435
4832912
4833561
4836576
4837121
4838042
4838589
4838829
4839619
4839674
4840435
4841698
4842969
4843037
4843263
4844986
4845904
4846918
4848728
4849076
4849508
4849568
4849641
4849844
4850793
4851038
4851041
4851648
4852975
4853150
4854727
4854759
4855553
4855777
4856203
4856969
4858064
4858127
4858442
4858593
4859257
4859935
4860994
4864042
4864454
4865387
4866561
4867782
4868332
4868400
4868635
4868833
4870769
4871390
4872924
4873913
4874040
4874841
4875133
4875312
4875506
4875514
4875902
4876222
4877876
4879905
4880295
4880952
4881921
4882125
4882177
4883198
4885768
4887067
4888489
4888555
4888793
4889612
4889727
4889844
4889845
4890183
4890420
4892090
4893000
4893336
4893842
4894418
4896840
4896972
4897647
4901020
4901584
4902063
4903206
4903924
4904557
4905140
4906773
4906784
4906845
4908767
4909774
4909846
4910118
4910120
4910423
4912282
4913109
4913146
4913397
4913904
4915037
4915045
4916473
4917318
4919969
4920580
4921379
4921808
4922946
4924125
4924149
4924332
4925650
4927347
4927569
4928595
4929122
4929178
4929697
4929800
4929954
4931751
4932124
4932553
4932709
4932847
4935592
4935800
4936812
4937001
4937401
4937667
4937999
4938272
4941530
4941765
4941782
4941806
4941985
4942065
4942293
4943011
4943541
4944210
4944478
4944819
4945285
4945617
4945944
4946689
4947015
4947172
4947915
4947997
4948504
4948787
4948876
4950485
4950843
4952795
4953376
4954417
4957047
4957327
4957429
4961222
4961663
4962468
4962592
4962601
4963227
4963465
4963836
4963906
4964392
4964596
4964632
4965205
4965536
4965763
4965844
4966301
4966417
4966649
4967018
4967237
4967416
4967571
4968003
4970644
4971021
4971928
4972890
4974362
4975213
4978757
4981996
4983216
4983327
4985594
4986780
4987115
4987729
4988890
4991257
4992973
4993222
4994082
4996266
4997219
4998419
4999758
5000192
5002509
5003023
5003029
5003411
5003912
5004774
5005278
5005332
5005677
5005936
5005965
5007008
5007153
5007998
5010151
5010279
5010525
5011127
5011699
5012745
5013718
5014213
5015994
5018719
5018959
5019160
5020835
5020888
5022288
5024503
5024728
5025348
5025489
5025828
5025982
5027023
5027674
5027900
5028634
5029402
5029535
5030438
5031271
5031595
5031906
5032143
5034136
5034724
5034799
5035138
5035320
5035936
5036099
5036150
5036809
5038967
5040223
5040625
5041449
5041747
5041805
5042335
5043095
5044413
5044676
5046640
5048847
5049462
5049629
5049810
5050520
5051493
5052150
5052763
5052868
5052901
5053857
5053947
5054968
5058427
5058781
5059196
5059825
5059960
5059988
5060326
5060616
5060852
5062146
5063846
5065837
5066124
5066952
5067699
5068119
5068506
5069664
5071035
5071496
5071713
5072712
5073246
5074831
5075232
5077487
5078539
5078702
5080073
5080122
5080431
5081023
5083471
5084783
5084823
5084896
5085446
5087251
5087479
5088503
5088591
5088771
5088937
5089532
5089597
5089652
5089716
5089915
5090187
5091218
5094895
5095049
5095458
5097954
5099537
5099594
5099626
5099992
5100260
5100990
5101399
5101472
5104708
5105057
5105787
5105974
5107593
5109081
5109279
5109296
5109608
5109952
5110373
5111086
5112318
5114600
5116174
5116953
5118826
5120070
5121391
5121508
5121795
5122045
5122262
5123295
5123580
5124229
5124240
5124484
5126042
5126462
5126467
5126600
5127643
5127770
5128682
5129408
5129890
5130201
5130232
5131401
5131421
5134329
5134505
5134704
5135327
5135334
5136447
5138380
5138984
5141478
5143564
5143986
5146053
5146946
5147568
5148222
5148262
5148306
5148315
5148800
5148911
5150426
5151903
5152215
5152368
5152996
5153346
5153433
5153455
5153535
5153800
5154944
5156573
5156707
5157761
5159161
5159368
5159399
5160115
5160188
5161728
5162645
5163394
5164586
5164721
5164787
5164931
5165997
5167474
5167730
5168195
5168316
5168450
5169263
5169711
5171501
5172652
5174775
5175953
5177067
5178483
5179627
5179930
5180453
5180790
5181475
5181756
5181966
5182386
5184512
5185092
5185532
5185971
5187523
5187532
5187559
5187570
5187953
5189481
5189567
5190457
5190781
5190795
5191440
5191454
5191633
5192780
5193913
5194129
5194274
5194463
5195080
5195218
5195274
5196887
5198566
5198918
5199839
5199971
5201403
5202414
5202987
5203038
5203809
5204165
5204579
5204678
5205953
5206127
5207518
5207676
5207801
5208269
5209065
5209325
5210124
5210468
5212574
5212700
5212925
5213037
5213445
5213452
5216372
5217705
5217901
5218007
5218613
5220863
5221164
5221335
5221866
5222649
5224620
5224992
5225406
5226040
5226292
5226494
5228248
5228958
5229827
5230894
5231465
5232444
5232807
5233568
5233943
5234293
5234336
5234640
5235472
5238838
5239464
5241436
5241655
5241727
5241797
5242582
5243706
5244076
5244412
5244919
5244975
5245516
5247548
5247575
5249517
5249616
5249763
5250441
5251156
5252215
5253708
5253716
5253767
5253971
5253977
5254390
5254576
5256316
5256367
5256744
5257523
5257531
5259153
5259677
5260070
5260320
5261023
5262047
5262953
5262969
5262987
5264547
5266108
5267216
5267969
5269075
5269431
5270014
5270901
5270980
5271292
5271557
5271890
5271895
5273686
5274004
5274434
5276292
5276515
5276722
5277018
5277302
5277331
5277455
5279345
5279572
5279957
5281058
5283096
5284171
5286592
5286929
5287057
5288143
5288994
5291981
5292637
5295329
5296226
5296619
5296792
5297876
5298628
5298833
5299720
5300841
5301723
5303318
5303450
5303784
5305313
5306717
5306728
5307802
5309157
5309417
5310578
5311784
5312510
5312706
5314008
5316218
5316257
5316396
5316751
5317550
5318022
5318599
5320188
5320759
5322722
5322778
5324161
5325145
5325282
5325687
5325881
5327262
5329075
5329634
5329680
5330657
5331055
5331367
5332308
5332477
5332646
5333472
5333936
5335023
5335876
5336726
5336950
5337665
5338277
5338784
5339470
5340205
5342103
5342997
5345110
5345706
5346286
5346640
5346720
5347997
5348744
5348993
5349098
5350291
5351479
5351791
5352049
5352365
5352745
5352923
5353344
5354626
5355386
5355507
5357067
5358614
5359383
5359500
5360863
5360981
5361236
5362270
5362406
5362591
5362790
5363681
5365232
5365443
5365744
5365886
5366380
5367696
5368017
5368596
5368946
5370136
5370483
5373105
5374676
5375865
5377878
5379531
5380796
5381836
5382072
5384874
5386099
5386987
5387366
5387790
5389155
5389601
5389624
5390416
5390891
5391405
5391981
5391990
5392059
5393092
5394053
5394055
5395180
5395668
5396574
5398531
5399166
5399669
5400948
5401485
5402901
5403582
5404633
5405805
5406659
5408396
5409407
5409765
5410076
5410527
5410574
5411482
5412776
5413030
5413524
5413675
5414270
5414566
5417415
5417663
5418904
5419453
5420405
5421573
5422450
5422707
5422970
5423306
5423479
5423704
5424206
5425731
5426661
5426778
5426796
5427744
5427822
5428212
5428408
5429276
5429773
5430346
5430482
5430862
5431757
5432985
5433215
5435083
5436335
5436582
5436833
5437909
5437981
5439201
5439407
5439727
5441649
5442584
5443279
5443370
5443542
5443667
5444008
5444122
5444273
5444421
5445817
5446100
5446837
5446955
5446999
5447061
5450095
5451811
5452227
5453140
5453507
5453692
5454334
5454710
5454736
5455161
5456322
5457307
5457697
5457978
5458043
5458188
5458460
5459006
5459660
5461802
5461811
5463445
5463871
5464803
5467821
5469623
5471578
5472029
5472755
5473271
5473318
5473528
5475259
5477078
5477355
5478224
5478229
5478251
5479278
5480834
5480932
5482693
5483487
5484654
5486360
5486781
5488314
5488447
5488665
5489880
5490330
5490451
5490497
5491188
5494493
5496036
5496167
5497066
5497541
5499528
5500595
5500745
5503475
5504165
5504233
5504236
5504929
5505038
5505312
5505896
5506004
5507393
5507940
5508943
5509340
5510560
5511979
5512113
5512310
5512444
5512503
5512839
5513244
5513524
5514011
5515338
5515776
5516437
5516903
5517829
5517963
5519054
5519079
5520078
5521291
5521561
5522104
5523602
5524060
5524648
5524882
5525703
5526303
5526617
5527107
5527855
5528074
5528400
5528407
5528491
5528508
5528595
5528694
5529307
5529803
5531363
5533014
5533146
5533639
5533695
5533799
5533805
5534277
5534692
5534869
5535122
5537130
5537206
5538729
5540043
5540343
5541454
5542434
5542606
5543384
5543662
5544349
5544604
5545972
5546685
5547345
5547681
5548028
5550208
5551170
5551356
5551766
5552391
5553090
5553588
5556416
5557713
5559055
5559179
5559443
5560401
5560499
5561088
5561311
5561933
5562133
5562706
5563159
5563249
5565713
5566122
5566553
5567518
5567952
5568890
5569232
5569736
5570636
5571026
5571529
5571565
5573292
5574068
5574075
5576251
5576500
5576660
5576682
5576707
5577640
5577836
5578167
5578659
5580478
5580951
5581237
5581374
5581484
5582492
5583538
5583543
5585086
5585607
5586457
5586585
5586882
5586911
5587553
5588121
5588459
5588728
5590101
5591256
5591690
5592220
5592350
5593709
5594167
5594575
5594620
5596101
5596775
5597434
5599348
5599371
5600771
5600911
5601583
5601586
5602360
5603149
5603750
5604000
5604632
5605497
5605672
5606003
5608838
5609002
5610037
5610193
5610350
5611133
5611401
5611678
5612315
5613677
5614238
5615064
5616695
5616798
5616805
5618902
5619830
5619850
5619929
5620676
5621538
5621909
5622650
5625995
5626169
5626216
5626624
5626758
5627196
5627747
5628160
5630923
5632941
5633506
5634835
5635189
5635975
5636012
5636773
5637047
5638203
5638306
5639859
5640175
5640273
5643318
5643336
5643447
5644048
5644118
5644247
5646468
5647495
5649153
5649539
5649764
5650181
5650715
5651150
5651714
5652410
5652577
5652843
5653859
5653863
5655033
5655494
5655759
5655877
5655932
5655966
5656652
5656669
5657969
5658478
5660122
5660781
5660913
5661965
5662015
5662854
5663102
5663149
5663288
5663455
5663981
5664353
5667271
5667397
5668306
5668720
5669037
5669265
5669414
5670854
5671086
5671545
5672393
5672772
5673313
5673421
5674174
5674895
5675742
5676691
5683217
5683836
5685229
5686928
5688167
5688327
5688833
5689509
5689862
5691247
5691853
5692347
5692466
5692538
5693145
5693186
5695524
5697032
5697830
5698329
5698629
5698676
5699208
5699451
5700609
5700770
5700841
5700983
5701360
5701897
5702125
5702328
5702540
5702789
5704646
5706392
5706919
5707352
5708492
5710378
5711111
5711530
5711782
5713231
5713493
5717827
5717907
5718480
5719184
5720399
5721103
5721842
5722339
5723553
5724871
5726174
5727877
5727957
5727959
5728277
5728393
5728557
5729392
5729403
5729869
5730018
5730640
5731642
5732093
5732673
5733281
5733350
5735236
5735396
5735645
5736186
5736290
5736623
5736906
5737546
5738798
5739442
5739638
5740098
5741738
5741996
5742164
5743281
5743621
5744035
5745783
5745962
5747577
5747688
5751896
5753203
5754915
5754976
5757253
5757758
5758203
5758713
5760412
5763896
5765198
5765426
5765654
5766124
5766814
5767378
5767520
5768312
5768551
5768772
5769105
5769115
5770184
5771519
5772091
5772521
5772696
5773333
5774906
5775192
5775479
5776453
5777381
5778444
5779332
5779875
5780206
5780407
5780924
5781574
5781969
5782020
5782823
5782930
5783571
5784698
5784834
5785087
5785684
5787084
5787297
5788517
5789827
5790275
5790340
5790500
5792074
5793470
5793900
5795663
5795732
5795774
5797865
5798016
5798581
5798683
5800225
5800878
5801301
5803356
5804279
5804401
5804888
5807281
5808000
5808654
5809097
5809332
5809792
5810061
5810263
5812318
5812324
5816291
5816668
5818188
5818364
5819134
5819518
5819723
5819751
5820272
5820670
5820897
5821545
5822275
5823014
5823492
5823676
5824476
5827599
5829776
5829959
5830183
5831750
5833613
5834326
5834661
5835287
5835507
5836217
5836575
5838026
5838067
5838641
5838670
5839283
5839881
5840999
5844001
5845228
5846500
5846537
5847027
5847538
5847909
5848344
5849161
5849395
5849416
5849420
5850162
5851182
5851756
5853270
5853307
5853405
5855108
5855401
5855698
5855771
5855859
5856021
5856215
5856696
5859465
5860064
5860701
5862104
5862346
5863323
5863778
5863948
5865160
5866142
5867206
5869414
5870241
5870469
5870496
5870839
5871224
5874605
5874611
5875646
5875855
5877246
5877852
5878202
5878412
5879532
5879769
5882908
5883471
5883704
5884651
5886595
5886992
5887373
5887381
5888198
5888260
5889901
5890006
5890194
5890355
5891475
5892146
5892596
5892737
5894078
5895191
5896271
5896517
5898198
5900150
5900298
5900304
5901863
5902682
5903219
5904514
5905686
5905736
5905748
5906706
5906723
5906741
5907695
5909953
5910333
5910816
5911388
5912857
5913064
5915302
5916895
5918166
5918173
5918761
5919202
5919738
5920383
5922583
5923032
5925071
5925476
5925851
5926161
5926775
5926943
5927267
5927601
5928265
5928398
5928753
5928815
5929037
5929828
5930788
5933408
5933923
5935017
5935605
5935623
5936254
5936640
5936746
5936893
5937050
5938086
5938622
5939848
5941323
5941659
5942360
5942623
5942993
5943745
5945374
5945375
5948241
5949222
5950755
5951217
5951678
5953782
5954111
5954181
5957047
5957401
5957719
5957825
5957853
5958536
5959210
5960210
5960825
5961387
5961588
5962920
5963302
5964631
5964724
5966310
5966528
5966597
5967175
5968559
5968594
5968653
5969229
5969408
5969740
5972034
5972249
5972769
5975116
5976315
5976341
5978018
5979009
5979287
5981056
5982409
5983024
5983588
5983773
5985905
5987476
5987513
5987867
5988560
5991314
5991591
5991767
5993416
5993767
5994961
5995828
5999599
