2500142
2501089
2502103
2503005
2503899
2504778
2505328
2506392
2506433
2507357
2507515
2507713
2507937
2508048
2508915
2509147
2509351
2509799
2511264
2513068
2513211
2513481
2513540
2513935
2514892
2516144
2516395
2516428
2518166
2519109
2520016
2520017
2520018
2521730
2521830
2522027
2522479
2523066
2524041
2525938
2527204
2529295
2529634
2530202
2530602
2530705
2532203
2532223
2532419
2533222
2533309
2534094
2534801
2535068
2536445
2537723
2539194
2539349
2539659
2540315
2540489
2540653
2541893
2542666
2543035
2543121
2543821
2544456
2545204
2545309
2545419
2545609
2546914
2547240
2547311
2547716
2549827
2550816
2551210
2551720
2552212
2552748
2553090
2553904
2555257
2556725
2557027
2557263
2558436
2559556
2560164
2560512
2560768
2560852
2561963
2562444
2562542
2562997
2563793
2564052
2565296
2565591
2566246
2566840
2567175
2567415
2568351
2569326
2569336
2569736
2570376
2570487
2570531
2571610
2573097
2575098
2575567
2576417
2576801
2576914
2577570
2578093
2580697
2582190
2583192
2583690
2585072
2587374
2588827
2589130
2592148
2592185
2594312
2594381
2596170
2596296
2596889
2597741
2599087
2599899
2600738
2600923
2601014
2601256
2601817
2601928
2602052
2603618
2605365
2607814
2608715
2609149
2609295
2612608
2613065
2613084
2613411
2613547
2614529
2614668
2616338
2617162
2617456
2619497
2619673
2620892
2622107
2622145
2623906
2624027
2624593
2625306
2625683
2626572
2628255
2628553
2630183
2630202
2633064
2633451
2634400
2634531
2635775
2636287
2636415
2636698
2637574
2638436
2638633
2641226
2641777
2642362
2642955
2643606
2645214
2645450
2647229
2647525
2647781
2649495
2649577
2649919
2653016
2653359
2654965
2656012
2658654
2659237
2660421
2660710
2660918
2661142
2661227
2662020
2664027
2664136
2665189
2665837
2667753
2667978
2668169
2668636
2668916
2669433
2669900
2670187
2670528
2671508
2671797
2673206
2673222
2673915
2674947
2676206
2676385
2676671
2677774
2678169
2678296
2678960
2679881
2680079
2681016
2681740
2684462
2684714
2686383
2686749
2687020
2687358
2689160
2690008
2690227
2691700
2693522
2695150
2698370
2699683
2702312
2702670
2704040
2705082
2705266
2705446
2705936
2706805
2707854
2707972
2708407
2708782
2709478
2709869
2709977
2710029
2711328
2712246
2712642
2712811
2712932
2713027
2714510
2714856
2715685
2715958
2717246
2718489
2718505
2718877
2719182
2719511
2721254
2721360
2721606
2722428
2722756
2722796
2723673
2724416
2724818
2724928
2725199
2725709
2725720
2727311
2727501
2727712
2728170
2728346
2729124
2729149
2729307
2729950
2732089
2732453
2732546
2733085
2733152
2733252
2734319
2734920
2735819
2736198
2736913
2737169
2737396
2737492
2742397
2744534
2745641
2746307
2747098
2748423
2748616
2750271
2751064
2751279
2751651
2751968
2752311
2753165
2753504
2753636
2755513
2756073
2756987
2757368
2757676
2757908
2758007
2758489
2758540
2759106
2759541
2760457
2762623
2764055
2764394
2764948
2765136
2765209
2765693
2765966
2766176
2766472
2766943
2767642
2767820
2768150
2769708
2771361
2773264
2773284
2773646
2773811
2773946
2774251
2775080
2775145
2777127
2778286
2778823
2780840
2782110
2783144
2783268
2784086
2785115
2785298
2785406
2785666
2786378
2787677
2788379
2788442
2789613
2790508
2790880
2791953
2792237
2793686
2793760
2793767
2794412
2794604
2794923
2796418
2797342
2797433
2797961
2798699
2799174
2799578
2801351
2801357
2801466
2801962
2802469
2802611
2803403
2804052
2804116
2804812
2805219
2806124
2806410
2807695
2808062
2808518
2808523
2808658
2808661
2809976
2810281
2810812
2811080
2813611
2814747
2815585
2815603
2816296
2816739
2816823
2818282
2818827
2818946
2820987
2821223
2822762
2823982
2824962
2825130
2826327
2827118
2827472
2827709
2829266
2830891
2830942
2830990
2831141
2831143
2831947
2834910
2835470
2835753
2838240
2839782
2842917
2843111
2843209
2843542
2846412
2846850
2846894
2847765
2847884
2848840
2850120
2851237
2851419
2851648
2852279
2854840
2855185
2855205
2856562
2856913
2858400
2859788
2860006
2860170
2861041
2863242
2864190
2865120
2865157
2865544
2866205
2866664
2868106
2870193
2870269
2871238
2872721
2874457
2875445
2876331
2876702
2876920
2877901
2878270
2879222
2879680
2880593
2882030
2882918
2883118
2884494
2887614
2890590
2890789
2891530
2891531
2891581
2891728
2891858
2893819
2896337
2896462
2897228
2897445
2898406
2902397
2902592
2902607
2903005
2905602
2905709
2906361
2907877
2908589
2909182
2911378
2913583
2914363
2916287
2916431
2916910
2917535
2917695
2918526
2919050
2919800
2921807
2922190
2924361
2925182
2925833
2926968
2927319
2930068
2930531
2932174
2933537
2934024
2935923
2936153
2936849
2938270
2939450
2939656
2939682
2939693
2940322
2941071
2941371
2941486
2943326
2944191
2945296
2945455
2945668
2946947
2947260
2948512
2949307
2950137
2950440
2951297
2951930
2952112
2952137
2952252
2952510
2952785
2954033
2954705
2954972
2956309
2957113
2960521
2960813
2961609
2961923
2962327
2962827
2963084
2963147
2964159
2964624
2964756
2965213
2966010
2967125
2968394
2969083
2970084
2970734
2970960
2971445
2971473
2972781
2974142
2974456
2975120
2976331
2976584
2976844
2978275
2978441
2979174
2979567
2979857
2981973
2982807
2983484
2985417
2986149
2986471
2986933
2988689
2989177
2989774
2990123
2990280
2992558
2992822
2993152
2993170
2994109
2994204
2994599
2995192
2995720
2996219
2996786
2996941
2996995
2997218
2998329
2998400
2999778
3000949
3002049
3003350
3004178
3005891
3006316
3006735
3007372
3007650
3008327
3008697
3009577
3009718
3009742
3009775
3010022
3010508
3011021
3011672
3012702
3012786
3013957
3014358
3016102
3017555
3018089
3018206
3018268
3018701
3020138
3020309
3020774
3021084
3021096
3021404
3021665
3021681
3021892
3021951
3023241
3023539
3024307
3025707
3025751
3025845
3027693
3027811
3028038
3028111
3028435
3029507
3029887
3031275
3032458
3032510
3034830
3034889
3036045
3037150
3037368
3037414
3037611
3037760
3037986
3040276
3042632
3043023
3044001
3044597
3044654
3047687
3047698
3048948
3049670
3052324
3052495
3052652
3054432
3054450
3055440
3056658
3057027
3057394
3059188
3059361
3060920
3062137
3062185
3063356
3063483
3063850
3064137
3065078
3065302
3065760
3065859
3066528
3066616
3067999
3069179
3069309
3070401
3070542
3072749
3075104
3075599
3076066
3077150
3077843
3078780
3078822
3080552
3080609
3080834
3081337
3082563
3085207
3086472
3086567
3087326
3087940
3087988
3088329
3088571
3088630
3089696
3089710
3091206
3091630
3092734
3094038
3094768
3095532
3096104
3098093
3098692
3100902
3101827
3102046
3102901
3103028
3103984
3104346
3104581
3105211
3105246
3106669
3106998
3107264
3107756
3108878
3110481
3110827
3111044
3111731
3114545
3115725
3116406
3116532
3116738
3117253
3117525
3121416
3121650
3123375
3125790
3127224
3127445
3127825
3128857
3130398
3130551
3130723
3131355
3131639
3131723
3131851
3133384
3134028
3134108
3134657
3134839
3135057
3136846
3136900
3137090
3137765
3138270
3138535
3138609
3139621
3140075
3142318
3142497
3143495
3145202
3146281
3146291
3147363
3147825
3147938
3148494
3148526
3148872
3149431
3149564
3150163
3150289
3152617
3153147
3154290
3155853
3156100
3157619
3158045
3158804
3159091
3159733
3160735
3161864
3161974
3162533
3163325
3164273
3165432
3165521
3165689
3166041
3166100
3166413
3166889
3167017
3168877
3169706
3170162
3170726
3171706
3171936
3173127
3173925
3175754
3176019
3177110
3177396
3177701
3178500
3178880
3178975
3179059
3180765
3181039
3182083
3182669
3183733
3184627
3184918
3185617
3185773
3186429
3188000
3188459
3188466
3188834
3189193
3190645
3190953
3191501
3191863
3192969
3194927
3195643
3195874
3198734
3200461
3201745
3202500
3202627
3202869
3203296
3203505
3204942
3206007
3206434
3206993
3207485
3208777
3208918
3209206
3209248
3210210
3212160
3212601
3212911
3213190
3213445
3214728
3214764
3215130
3216205
3217629
3217750
3220215
3220716
3221385
3222236
3223356
3223362
3223912
3224303
3224448
3224604
3226790
3227117
3227140
3228884
3229995
3230297
3230344
3230749
3231623
3231825
3232338
3232913
3234067
3235049
3235138
3235541
3237111
3237659
3237756
3239780
3240136
3240579
3241255
3242987
3243089
3243302
3243433
3244402
3245170
3245562
3245577
3245674
3245970
3246415
3246728
3248349
3249120
3249472
3251347
3252040
3252917
3252921
3254065
3254336
3254390
3255290
3255297
3255408
3255891
3257039
3257773
3258161
3258532
3259354
3260234
3260620
3260888
3262555
3265156
3266231
3266259
3266371
3267139
3268044
3268225
3269413
3269723
3269752
3270033
3270662
3271283
3271426
3271603
3272145
3274046
3275210
3275790
3276739
3276939
3277589
3278194
3278282
3279367
3281576
3281806
3282050
3282083
3282449
3282795
3283869
3284549
3285911
3286921
3287322
3287960
3287973
3288320
3289684
3293274
3296304
3297003
3298292
3298954
3299094
3300424
3301444
3301892
3303131
3303925
3304406
3304664
3305491
3307494
3309153
3309191
3309245
3310262
3310771
3311035
3311479
3312483
3312700
3312737
3316340
3317302
3317733
3318643
3318712
3319085
3320147
3320993
3321599
3321656
3321813
3322365
3323358
3323399
3324412
3325580
3326014
3326927
3327490
3327822
3328348
3329207
3330625
3330681
3330749
3330900
3332042
3332108
3332722
3333638
3334083
3334525
3335242
3336856
3337087
3339141
3339834
3339957
3340945
3341767
3342260
3344123
3345307
3345528
3345786
3347711
3348340
3348669
3348696
3351788
3352771
3353063
3353601
3353913
3355056
3355339
3356217
3356742
3357733
3358131
3360101
3361815
3362294
3362807
3365484
3366361
3366674
3367934
3368122
3368705
3369149
3369525
3371198
3371371
3372912
3375293
3376291
3377023
3377405
3378943
3379548
3379711
3379736
3380559
3381437
3382505
3382747
3383302
3384471
3385648
3385895
3386437
3387365
3391854
3391923
3392674
3393324
3393637
3394207
3394314
3395396
3396345
3396487
3397366
3399159
3401138
3401523
3401572
3401601
3401733
3402458
3403226
3403287
3403631
3403767
3404564
3404780
3405058
3408585
3408807
3409130
3409636
3411853
3412544
3413321
3413710
3413737
3413824
3414260
3415169
3415245
3415982
3416324
3418218
3418544
3420315
3420480
3422071
3422631
3423319
3424660
3425395
3425854
3427744
3428745
3429413
3431908
3432076
3434016
3434343
3434678
3434992
3435002
3435477
3436443
3437148
3438363
3438729
3440325
3440502
3441310
3442578
3442806
3442841
3445209
3445354
3446046
3446618
3446750
3447396
3447442
3449647
3449657
3449735
3449981
3450084
3450459
3452175
3453538
3453737
3454870
3455338
3456887
3458437
3459343
3460532
3460677
3460813
3460946
3461974
3462474
3463304
3463349
3463560
3463748
3464207
3464436
3464700
3465472
3465755
3467245
3468161
3468221
3468924
3470191
3470465
3470697
3472108
3472194
3473367
3473931
3474343
3474638
3475106
3475164
3477190
3477404
3478752
3479095
3479491
3480148
3480286
3481448
3482334
3483213
3483824
3488055
3488240
3488350
3488558
3488970
3489382
3489790
3489813
3489846
3491388
3491940
3494347
3495483
3495942
3498102
3498801
3499339
3499443
3499605
3500323
3500786
3501631
3501841
3502608
3503291
3503787
3504160
3505241
3506860
3506919
3506947
3508906
3509993
3511961
3512298
3513220
3513449
3513830
3514457
3514730
3518364
3518877
3519549
3520225
3520453
3521298
3521829
3522365
3522518
3523267
3523541
3524393
3525920
3526500
3526529
3528306
3530493
3530637
3533679
3533753
3533899
3534193
3535891
3536166
3536802
3537090
3538334
3538670
3539472
3540151
3541719
3542685
3543010
3543872
3544446
3544862
3545514
3545624
3545923
3546075
3546347
3546822
3547205
3547325
3547607
3547631
3548652
3548743
3549678
3551243
3551269
3552064
3552380
3556172
3556190
3556416
3556463
3556535
3556589
3559491
3559515
3559650
3559720
3560553
3560618
3561764
3561994
3563735
3565309
3565971
3565978
3567158
3567597
3567676
3567885
3569148
3569497
3570245
3570423
3571368
3572419
3572618
3573593
3574001
3576021
3576043
3576481
3577460
3578859
3580333
3580894
3581230
3581366
3581807
3582798
3582895
3584440
3584871
3585137
3588079
3588688
3589244
3589518
3590538
3591492
3592078
3592348
3592488
3592875
3592895
3594687
3595194
3595574
3595641
3596072
3596494
3596663
3598005
3598371
3598756
3599032
3600710
3602057
3604354
3604578
3604672
3606047
3606408
3607324
3608187
3608531
3608732
3609194
3609223
3609291
3609738
3609753
3610088
3610111
3611032
3611285
3612557
3614717
3614913
3615098
3615147
3615975
3616249
3616812
3617066
3618077
3618234
3618386
3619228
3620393
3620590
3621477
3621647
3622475
3623666
3623708
3623713
3625155
3626020
3627303
3627441
3627513
3628509
3629048
3629260
3630820
3632468
3632822
3633227
3633733
3634402
3634871
3635399
3636091
3636624
3636822
3637367
3637647
3641040
3641730
3642972
3643686
3644523
3645150
3645742
3645908
3646039
3646092
3646264
3646755
3647410
3647449
3647504
3649036
3649550
3649557
3649968
3652274
3652449
3652639
3652722
3652915
3653764
3653956
3654919
3654982
3655570
3657630
3657644
3658271
3658506
3658550
3659772
3659794
3661597
3662336
3663310
3663979
3664687
3666514
3666794
3667162
3667733
3667792
3668418
3669116
3670769
3671502
3671532
3673241
3673466
3673941
3674344
3674378
3674497
3674773
3675536
3675690
3675712
3676764
3677844
3677872
3679552
3680429
3681365
3681398
3681611
3682028
3683095
3684097
3685030
3686850
3687154
3688020
3689977
3691619
3692723
3693021
3696103
3697098
3698028
3699078
3699115
3699138
3699520
3700081
3700082
3700488
3700638
3700785
3700885
3701268
3701587
3701927
3702787
3703655
3704777
3704945
3705133
3705368
3706351
3706481
3707224
3708354
3709574
3709712
3710187
3710612
3710910
3711679
3711828
3711984
3716802
3717273
3717601
3717817
3718162
3718211
3718776
3719002
3719739
3720011
3722040
3723803
3723878
3724515
3725519
3726952
3727278
3728855
3729806
3730412
3731383
3731881
3731983
3733481
3734299
3734911
3734930
3735058
3735157
3735524
3736333
3737259
3737681
3738696
3739402
3739816
3740338
3740602
3740622
3740923
3741419
3741634
3742250
3745936
3746296
3746417
3747782
3747975
3748120
3749224
3749520
3750993
3751983
3753771
3754080
3754321
3754880
3754919
3755282
3755314
3756793
3756851
3756982
3758501
3759438
3760019
3762173
3762307
3763013
3763047
3763535
3764674
3764988
3765699
3766374
3767138
3768321
3768867
3768869
3768995
3769997
3770986
3771068
3771974
3772364
3773449
3773952
3774857
3776426
3777085
3777254
3777813
3777983
3778156
3778391
3778500
3778778
3779045
3779424
3780935
3781120
3781305
3781318
3782162
3783256
3783257
3783833
3785491
3786725
3786989
3787143
3787720
3788406
3789089
3790571
3791141
3791875
3793650
3794340
3797724
3798176
3799025
3799337
3800116
3800859
3800971
3801107
3802148
3803594
3803718
3805643
3806324
3807974
3808259
3808825
3808879
3809987
3810048
3810212
3810632
3811506
3814646
3815426
3815820
3815968
3818560
3820049
3820298
3820519
3822743
3823196
3824081
3824617
3825864
3826379
3827739
3828085
3828281
3828886
3831297
3831528
3831674
3831852
3832101
3833854
3836196
3839541
3841734
3841742
3842442
3843418
3843882
3844761
3845543
3845690
3846385
3847093
3848234
3850310
3851168
3852083
3853296
3854610
3855224
3855704
3855951
3859236
3859808
3859984
3860028
3861450
3863485
3863592
3864471
3865315
3865985
3866039
3866090
3866274
3866429
3866500
3868760
3869485
3869835
3871847
3872360
3873294
3873626
3873759
3874026
3876320
3876373
3876608
3877029
3877765
3878047
3878300
3878703
3878728
3878805
3880655
3881046
3881088
3881774
3881826
3883198
3884009
3884037
3885659
3886247
3886741
3886808
3886947
3887945
3888386
3888914
3889087
3889239
3890689
3890973
3892199
3892888
3894162
3894366
3894937
3895808
3896565
3898255
3898897
3899339
3899938
3900441
3900878
3900952
3901136
3901807
3904856
3905004
3905034
3905061
3905450
3907157
3907285
3907769
3909001
3909311
3911316
3911395
3911501
3911608
3912200
3912254
3914131
3914368
3914465
3914603
3915352
3916361
3917242
3917984
3918512
3919089
3919456
3919526
3920254
3920259
3920407
3921413
3921487
3922215
3922676
3923034
3923215
3924860
3925715
3927012
3931466
3931842
3932585
3932608
3932654
3932864
3933220
3934310
3935973
3936098
3937113
3938245
3938729
3939319
3940637
3941072
3941327
3941360
3942518
3943589
3944486
3944875
3945122
3945140
3949061
3949774
3950609
3950917
3953222
3954365
3954525
3955360
3955956
3956293
3956765
3956945
3957744
3957769
3958107
3961789
3962084
3962220
3963867
3964146
3965595
3966914
3967099
3968291
3968509
3969300
3970298
3970823
3970990
3971025
3971049
3971433
3971567
3971878
3972331
3972753
3972894
3973098
3973804
3974609
3974707
3974937
3975084
3975172
3976061
3977227
3977877
3979042
3979067
3980828
3980916
3981473
3981693
3982241
3983194
3983288
3983481
3983698
3983877
3983913
3984469
3984591
3985500
3985516
3987612
3987896
3988371
3988376
3988715
3988768
3989214
3990835
3990941
3991185
3991300
3991454
3992619
3993038
3995034
3995394
3995466
3997198
3999965
4000268
4000610
4000943
4000956
4001038
4003629
4005355
4005898
4006260
4006856
4007412
4007419
4009553
4010107
4011928
4014243
4014667
4015059
4015658
4015970
4016002
4017575
4017597
4019823
4020337
4021321
4023781
4023814
4024266
4024664
4025654
4026101
4026895
4028645
4029623
4030735
4030948
4032838
4033136
4033359
4035545
4036382
4036433
4037258
4038992
4040299
4040673
4041110
4041572
4042004
4042902
4046752
4046799
4047263
4047372
4048000
4048239
4049198
4052586
4052848
4052946
4053676
4054915
4056446
4056471
4056474
4056692
4056909
4058537
4059445
4060571
4061481
4061755
4062399
4062668
4062944
4064170
4064792
4064884
4065352
4065644
4065675
4065796
4066053
4066389
4066717
4067512
4067576
4068433
4068659
4069757
4070788
4071706
4073780
4074012
4074013
4074774
4075215
4077073
4077117
4077615
4078168
4078797
4079194
4079502
4081174
4082248
4083295
4083918
4085733
4086123
4087485
4088176
4088913
4090911
4091162
4092921
4093376
4094454
4094465
4094483
4094907
4095044
4095114
4095825
4096392
4096468
4099047
4099101
4102268
4103151
4103306
4103809
4104307
4104719
4105871
4106976
4107218
4108900
4108937
4109636
4109971
4110243
4111870
4112538
4112593
4112957
4114365
4114406
4114540
4114815
4114918
4117108
4120058
4122734
4122811
4123053
4123275
4123977
4124148
4125341
4126684
4127023
4128686
4129338
4130181
4130814
4131673
4132627
4133998
4134497
4135264
4135512
4136351
4137005
4138273
4138580
4139454
4141109
4141294
4142554
4142820
4143040
4144186
4144358
4144763
4144818
4144916
4145005
4145211
4145222
4146695
4147375
4147576
4148797
4149316
4149855
4150364
4150636
4151945
4152802
4152841
4156526
4157004
4157510
4160617
4161254
4161438
4162319
4162594
4163658
4164388
4165289
4166364
4166509
4167857
4168224
4168401
4168639
4168766
4169987
4170599
4170638
4172333
4172680
4172886
4174527
4175216
4177208
4179939
4180203
4181318
4181593
4185364
4185388
4185961
4186016
4186470
4188618
4189623
4189812
4189927
4190247
4190507
4190591
4191021
4191442
4192442
4193247
4193301
4193710
4194156
4194850
4194863
4195331
4197203
4197700
4198119
4198698
4200281
4200516
4200827
4200914
4201586
4201649
4202015
4202534
4203468
4203631
4204334
4204941
4207067
4207151
4207621
4207714
4208655
4208920
4209007
4210083
4210614
4210815
4212139
4212585
4212983
4213429
4214036
4214398
4214664
4215416
4216936
4217276
4217469
4218181
4218464
4218899
4218902
4219256
4219706
4220991
4221435
4221817
4222879
4222986
4223183
4223249
4223360
4223689
4225705
4226379
4227997
4229905
4230341
4231467
4231895
4232390
4233622
4233775
4234093
4234986
4235108
4236922
4237000
4237671
4238824
4240943
4242279
4243716
4245170
4245632
4245895
4246319
4247275
4247693
4247781
4248400
4248541
4249330
4250013
4250752
4250757
4250807
4251511
4252367
4252463
4252937
4253013
4253295
4256001
4257508
4259060
4259472
4260183
4260497
4260528
4261885
4261966
4262816
4263540
4264225
4267305
4267717
4268160
4270006
4270444
4270618
4271169
4271419
4271565
4274870
4275364
4275526
4275744
4276769
4276916
4278133
4279407
4279508
4279937
4280329
4281189
4282883
4282995
4283302
4283743
4283837
4284155
4284846
4285115
4285266
4285351
4286475
4286846
4286913
4286992
4287166
4288061
4288502
4288893
4289223
4290861
4291866
4292713
4293461
4293663
4294200
4294549
4295302
4295396
4295592
4295624
4295717
4295807
4295835
4297086
4297987
4298559
4298569
4298827
4299448
4299963
4301985
4302446
4302695
4305423
4305555
4306102
4306455
4306494
4306681
4307228
4307340
4307483
4307816
4309521
4309659
4310198
4310286
4311462
4311857
4312124
4312151
4312193
4312381
4313615
4315892
4317994
4318347
4320762
4321549
4321636
4324832
4325669
4329105
4330071
4331397
4331530
4334093
4335049
4335163
4336283
4336386
4337819
4338615
4338712
4339894
4340335
4341011
4341572
4343097
4345114
4345285
4345467
4346353
4348885
4349114
4349279
4349992
4350231
4350754
4351726
4351738
4352463
4352611
4352735
4353455
4354099
4354850
4355305
4356360
4357203
4358021
4358974
4359380
4359639
4360325
4360562
4361056
4361146
4362012
4363167
4363184
4363283
4363621
4366012
4366653
4366876
4367188
4368075
4369936
4370318
4370816
4371167
4372064
4372311
4372796
4372897
4374012
4374105
4374545
4375261
4376244
4376322
4377022
4377621
4378247
4378537
4378955
4379147
4379371
4380190
4380258
4380873
4380923
4381193
4381292
4382185
4382739
4383615
4383934
4384397
4384478
4384660
4384879
4385745
4386071
4387793
4387801
4388104
4388279
4388819
4389939
4390602
4392013
4392082
4392475
4393084
4394663
4395191
4395266
4397018
4397345
4397775
4397869
4398104
4398799
4398822
4399083
4399866
4401570
4402357
4403137
4403962
4405293
4406136
4406142
4406402
4406757
4407355
4407522
4407781
4408047
4408974
4410005
4410041
4411359
4411746
4411942
4412360
4412740
4412775
4414808
4417962
4417988
4419080
4419128
4419411
4419971
4420236
4421145
4421501
4422633
4423187
4425116
4425381
4425515
4425570
4425684
4426230
4427156
4427498
4428047
4428344
4429365
4429504
4429618
4430627
4431130
4431734
4431770
4432725
4434986
4435107
4436499
4436689
4437051
4437178
4437606
4439247
4439321
4439690
4440098
4440406
4440412
4440704
4440914
4443320
4443763
4445798
4447367
4448052
4448053
4449153
4450254
4450982
4451175
4452084
4452827
4453676
4453684
4453796
4454120
4455729
4458011
4458334
4458539
4458707
4458947
4460348
4461099
4461208
4461491
4461761
4462748
4464721
4464748
4465698
4466492
4466504
4467130
4468151
4469409
4469697
4469803
4471042
4472685
4473122
4473588
4474917
4475234
4477869
4478084
4478397
4478603
4479202
4480680
4480858
4481247
4482271
4482915
4483169
4483659
4486401
4486619
4487464
4488122
4488227
4489889
4489911
4491873
4492279
4493606
4494162
4495453
4495717
4495998
4496194
4497114
4497477
4497694
4500247
4500611
4501092
4501654
4502137
4502385
4503375
4503968
4505026
4505843
4508678
4509093
4509180
4509215
4510672
4510706
4510752
4511815
4512799
4512869
4514672
4515179
4515610
4516412
4516492
4516560
4517159
4518109
4519270
4520051
4520558
4520928
4521482
4521527
4522104
4522218
4522611
4522696
4523662
4525017
4525084
4525640
4525780
4526076
4526091
4526619
4526717
4526780
4527420
4528556
4528582
4529001
4529419
4530370
4531309
4531694
4532372
4532427
4532820
4532837
4534879
4535101
4536539
4536564
4536929
4538779
4539274
4539408
4540624
4541503
4541636
4542306
4544521
4547208
4547614
4547731
4548067
4548448
4548950
4550009
4550030
4551230
4552403
4552532
4553848
4554942
4556699
4556841
4556900
4557484
4557757
4560571
4560866
4562218
4562377
4563041
4563783
4565795
4567004
4568606
4569398
4571764
4572245
4572339
4572682
4574817
4575722
4577080
4577705
4577835
4578299
4580867
4581159
4581188
4581990
4582186
4583268
4584914
4585270
4585864
4586067
4586173
4586829
4586973
4587899
4591680
4592008
4592051
4592932
4593688
4593900
4594259
4594882
4595255
4595384
4595842
4596100
4596472
4598378
4598853
4599158
4599821
4600445
4600636
4600859
4601093
4601688
4602083
4602731
4603094
4604145
4604318
4604494
4606184
4606530
4606893
4607662
4608254
4608255
4608395
4610753
4612124
4612776
4613047
4613465
4614415
4617291
4619651
4620616
4620728
4622806
4622966
4625232
4625474
4625555
4628349
4628586
4629605
4629876
4629950
4630879
4632089
4632877
4633029
4633247
4633454
4633735
4633809
4633872
4634247
4636929
4637581
4638073
4638777
4639178
4639657
4639920
4640149
4640176
4641613
4642525
4642655
4643198
4643895
4644559
4645941
4646838
4646901
4647306
4647379
4647749
4649506
4649698
4649898
4650473
4650580
4650747
4652603
4654469
4654496
4655446
4658240
4660031
4661774
4662221
4662641
4662763
4662830
4663389
4663670
4665202
4667268
4668311
4668789
4670529
4671226
4671482
4671776
4671979
4672100
4672441
4672897
4672901
4673365
4673821
4674090
4674354
4674754
4675399
4679478
4681258
4681271
4681732
4682412
4682895
4683933
4685697
4685985
4686957
4688165
4688569
4689036
4689075
4689376
4690995
4692315
4692702
4693445
4693644
4693906
4695608
4695845
4695944
4696695
4698011
4699086
4700447
4700896
4701849
4702692
4703320
4703910
4704335
4704474
4706675
4707061
4709056
4711009
4711286
4711618
4711665
4712799
4712864
4713127
4718142
4718305
4719763
4721083
4722535
4722963
4722972
4723430
4724838
4725452
4725477
4725622
4727937
4730296
4730664
4730996
4731028
4731650
4733773
4734235
4735178
4735953
4736093
4736722
4736941
4737193
4737569
4737652
4739245
4739672
4739702
4739720
4740117
4740194
4741499
4741873
4741991
4742112
4742184
4742777
4742986
4743303
4743622
4744313
4746318
4747396
4747892
4748138
4749144
4749307
4749465
4749611
4750374
4751572
4751639
4753554
4755307
4755365
4755923
4756208
4756745
4757342
4758011
4759629
4760812
4762036
4762267
4763191
4763269
4763364
4764073
4764398
4764441
4765465
4766519
4766659
4767027
4767418
4767547
4768594
4769234
4769806
4770546
4771555
4771621
4772237
4772560
4772941
4773195
4773645
4774071
4776384
4776814
4777545
4777699
4778778
4779603
4779756
4781009
4781422
4781703
4781906
4781992
4784005
4785020
4785040
4785152
4785577
4786152
4786418
4786802
4787027
4789344
4790043
4790207
4790557
4790698
4790966
4792095
4793486
4794018
4795312
4795404
4796141
4796241
4798260
4799259
4801194
4801644
4802090
4802135
4803015
4803791
4803815
4804054
4804455
4804794
4805867
4806087
4806103
4807500
4808110
4808192
4808677
4809117
4813077
4813170
4813788
4813963
4814359
4815138
4815157
4815684
4816306
4816693
4817669
4818778
4820951
4821430
4822053
4823251
4823480
4824732
4825218
4826264
4826296
4826762
4827148
4827669
4827717
4828287
4828449
4829349
4830018
4831107
4831473
4832292
4834652
4835302
4835332
4836713
4837109
4837461
4838327
4838809
4839213
4840214
4840291
4841381
4842414
4842521
4842613
4842804
4843617
4845401
4845664
4848155
4849104
4849261
4849704
4850247
4850390
4850740
4852860
4852990
4854969
4855704
4856760
4857492
4857931
4858470
4858507
4858826
4859848
4862384
4862714
4862763
4863540
4864316
4865591
4867965
4869415
4869428
4873101
4873532
4874662
4875153
4875508
4875686
4876118
4877193
4877241
4877264
4877355
4877363
4877527
4877844
4879044
4879750
4880382
4880434
4880741
4880950
4881718
4881841
4882098
4883958
4884198
4884873
4886023
4886736
4887514
4888976
4889116
4889127
4889483
4889975
4889985
4890255
4890329
4893901
4895045
4896075
4897134
4899351
4899560
4900532
4900737
4901186
4903674
4903837
4906893
4907392
4908262
4908445
4909289
4910668
4911211
4912198
4913878
4914779
4914980
4916578
4917036
4918233
4918646
4918706
4919377
4919380
4920067
4920970
4921017
4922871
4923122
4923186
4923900
4925539
4926662
4927048
4927408
4927859
4928150
4928959
4929591
4929604
4930409
4930651
4931001
4931173
4931920
4933765
4935577
4935595
4937196
4938885
4940789
4940933
4942132
4942376
4942427
4944621
4945835
4947747
4948063
4949728
4949837
4950654
4951525
4951986
4952103
4952429
4953619
4953808
4953838
4955050
4955673
4955876
4957129
4962023
4962872
4963607
4963822
4964930
4965460
4969442
4970954
4972154
4974151
4975103
4976070
4977328
4978036
4978785
4979039
4979863
4980122
4980181
4980315
4981058
4981158
4981958
4986506
4986918
4988108
4989725
4992399
4992470
4995027
4995170
4995925
4998140
4998571
4999170
5000434
5002006
5002338
5002573
5003327
5003977
5004259
5005398
5005680
5006014
5007045
5007314
5007918
5008379
5008898
5009024
5009180
5009401
5010298
5010564
5011430
5011561
5012430
5012569
5013896
5014508
5015597
5016468
5017299
5017395
5017674
5018351
5019384
5019683
5021254
5021405
5021829
5021845
5021941
5022009
5022513
5022826
5023251
5023256
5023561
5024182
5024910
5026144
5027921
5028827
5029039
5029604
5030169
5030393
5031737
5032837
5033242
5034063
5034270
5034370
5034986
5035183
5036163
5036224
5036871
5037439
5037952
5038065
5041765
5042142
5042200
5043605
5043716
5044802
5049328
5049437
5050836
5050979
5052183
5052204
5052320
5052500
5053541
5054266
5055904
5056682
5058252
5059570
5059747
5059929
5060085
5063417
5064921
5064990
5065415
5066360
5066391
5067195
5067448
5067555
5067725
5069046
5069596
5069709
5070069
5070955
5071300
5071577
5072817
5072885
5073536
5073980
5074108
5074446
5074778
5075028
5075592
5076336
5077250
5077502
5077643
5078842
5078991
5079024
5079049
5079839
5079872
5080248
5080865
5080931
5081851
5082390
5082614
5083182
5084373
5085970
5086045
5087146
5087572
5088348
5088741
5090115
5090300
5090607
5091409
5096228
5096230
5096475
5096550
5096588
5096950
5100368
5100495
5100856
5102104
5102249
5102811
5103024
5103930
5104069
5106940
5108434
5108546
5109246
5109766
5110863
5112407
5113816
5114427
5115053
5115862
5116236
5116711
5118691
5119182
5119705
5120076
5120191
5121698
5121778
5122646
5122663
5123049
5123158
5123915
5125502
5127098
5127636
5128080
5128098
5129784
5130170
5132466
5133022
5133941
5133964
5134171
5134767
5135694
5136230
5138423
5138523
5138846
5140037
5140340
5143734
5144676
5146881
5147268
5147805
5149427
5149697
5150931
5151008
5151350
5151433
5153486
5154133
5156081
5156932
5157444
5157516
5159795
5159998
5160095
5160424
5160873
5161435
5162190
5162463
5162862
5163226
5163380
5164585
5164726
5166534
5167376
5167680
5169027
5169212
5171149
5171561
5171761
5171835
5172060
5172067
5172283
5172634
5173248
5174709
5175278
5175970
5176735
5177901
5178997
5179711
5182320
5182719
5183344
5183599
5186183
5186660
5187662
5187820
5188388
5189439
5190017
5190151
5191046
5191393
5192377
5192480
5192881
5192936
5194281
5195532
5196060
5196458
5196997
5197158
5198850
5199280
5199688
5199814
5199919
5203310
5203621
5203704
5204025
5204078
5204288
5204300
5204536
5204927
5205289
5205764
5206060
5206645
5207130
5207510
5208777
5210256
5210505
5210660
5211143
5213850
5215631
5216260
5217615
5217675
5217748
5218767
5220360
5220610
5221242
5221600
5222480
5222537
5224892
5225261
5225916
5226066
5226427
5227134
5227277
5227732
5228642
5228807
5229157
5229552
5230659
5231431
5231793
5232497
5233484
5233561
5234078
5234173
5234533
5235075
5235892
5236684
5236742
5237688
5237989
5238425
5239645
5240501
5240798
5241874
5243559
5245186
5245963
5246877
5247873
5248412
5248690
5248778
5249684
5251970
5253093
5253680
5254097
5254824
5255144
5255904
5256299
5258150
5259306
5259386
5259389
5259556
5260197
5261025
5261460
5261922
5262516
5262672
5263291
5263490
5263666
5263869
5263917
5265127
5265596
5265976
5266015
5266422
5267305
5270685
5271416
5271949
5273279
5273889
5274447
5275040
5276331
5277507
5277660
5277685
5277721
5278024
5278242
5278615
5279438
5280367
5283641
5284617
5284714
5284878
5285512
5286508
5286917
5286918
5287019
5287828
5288877
5289138
5289484
5289576
5290818
5291632
5291657
5292029
5292367
5292704
5292710
5292740
5293575
5294195
5294802
5295000
5295119
5295631
5297546
5297563
5298482
5299640
5299922
5300513
5301917
5302030
5302055
5303760
5304068
5304146
5304161
5304560
5305671
5306095
5306676
5307861
5307898
5308008
5308185
5309414
5309506
5310272
5310533
5310712
5312350
5313021
5313471
5314530
5316285
5321101
5322486
5322612
5323992
5324765
5330564
5330681
5331935
5333018
5333759
5336381
5337699
5338195
5338450
5339429
5339729
5342257
5342735
5342903
5343236
5345632
5346511
5346821
5347050
5348969
5349907
5350951
5351714
5352123
5353987
5354128
5354343
5354645
5355097
5355580
5357488
5357630
5358401
5359721
5359790
5361275
5361488
5363268
5363739
5364570
5365212
5365342
5365430
5365541
5365983
5366340
5367379
5368181
5368569
5369277
5369701
5370817
5370823
5371120
5371410
5371666
5371856
5373322
5374053
5376382
5376900
5377264
5377959
5380633
5381395
5382221
5382336
5382861
5383807
5384041
5384544
5385362
5386072
5386909
5386984
5388179
5389114
5389453
5389539
5389637
5390434
5391155
5391365
5391516
5392793
5392866
5397383
5397438
5397653
5397703
5398148
5400995
5401420
5401683
5402562
5405092
5405365
5406997
5407405
5408027
5408203
5408289
5408333
5409592
5409593
5410510
5412607
5412885
5413523
5414367
5414519
5415860
5416690
5417259
5417635
5418579
5420365
5421233
5421806
5421995
5422175
5423007
5425665
5425972
5425981
5425984
5426196
5426281
5427426
5428306
5428664
5429407
5430241
5431150
5431348
5431734
5432148
5434096
5436883
5437621
5438162
5439872
5439960
5441100
5441857
5443234
5443946
5445366
5445581
5445822
5446295
5446460
5446668
5447469
5447666
5448095
5451792
5452511
5454226
5455185
5457248
5457328
5459074
5459518
5459639
5460750
5461284
5461474
5461600
5462162
5462603
5464912
5466560
5467310
5467478
5468074
5468639
5471622
5472282
5472955
5473893
5475955
5475970
5476223
5476565
5476940
5477050
5477089
5478054
5481701
5481841
5482038
5482048
5484028
5484094
5484295
5484480
5484852
5486354
5486368
5487943
5488991
5490147
5490330
5490581
5490684
5491334
5491783
5492306
5495106
5495426
5496133
5496370
5496794
5497032
5497072
5497645
5499034
5499389
5504570
5507015
5508204
5508874
5509478
5510595
5512718
5513544
5514203
5514801
5515868
5516028
5516177
5516451
5518913
5519120
5519204
5519637
5520213
5520288
5521816
5526470
5526642
5526756
5527008
5527310
5527555
5530110
5530111
5531028
5531336
5531853
5532580
5533302
5533464
5533967
5534068
5534566
5534613
5537171
5537289
5537421
5539486
5540097
5540470
5541130
5542545
5543091
5543484
5544578
5546270
5546505
5546653
5546790
5547259
5548099
5548705
5548818
5549320
5550553
5550754
5551854
5552284
5552749
5552803
5553757
5554054
5554208
5554591
5554672
5555323
5555551
5555985
5556687
5557967
5559013
5559110
5559111
5560224
5560511
5561418
5562136
5562769
5563342
5564083
5564260
5565399
5565755
5565871
5567833
5569017
5570274
5570343
5570435
5571510
5571595
5572026
5572092
5572922
5573359
5573530
5573926
5574203
5574324
5576142
5576193
5576749
5577992
5578809
5579428
5579621
5579846
5580555
5580964
5581052
5581779
5583299
5583559
5586875
5588600
5590386
5593342
5594015
5594503
5596241
5597566
5597589
5597887
5598214
5598748
5602093
5602246
5602483
5602708
5603311
5605546
5605574
5605872
5607440
5607616
5609107
5609881
5610706
5610819
5611232
5612485
5612620
5612789
5612801
5613546
5613963
5614241
5615102
5615272
5615489
5615520
5616080
5616119
5616200
5618049
5618622
5618876
5619142
5620757
5621378
5621957
5622196
5622625
5622769
5622870
5623736
5624136
5624272
5624527
5624975
5626179
5627483
5627601
5628131
5628188
5629280
5629523
5630395
5630398
5632910
5633590
5633746
5637667
5638967
5640163
5640471
5641271
5642288
5643511
5643988
5644432
5644614
5645289
5645721
5645743
5646046
5646942
5646968
5649017
5650246
5650342
5651511
5652083
5652089
5652166
5652223
5652421
5653269
5653804
5655052
5656124
5656914
5657104
5657721
5660731
5661375
5661818
5662298
5663243
5664684
5664977
5665162
5665290
5665856
5666792
5666917
5667292
5667674
5667919
5668968
5669669
5670432
5671453
5672036
5672801
5673881
5673940
5674213
5674844
5675002
5675810
5676100
5676154
5676589
5677285
5677474
5678116
5678277
5680051
5680104
5680124
5680574
5682352
5682649
5683984
5686802
5687702
5688125
5688495
5691382
5692101
5693326
5695029
5695435
5695682
5696360
5696642
5696840
5697850
5698420
5699931
5700867
5702003
5703266
5703381
5703717
5703863
5704337
5705194
5705206
5706626
5707113
5707199
5709629
5709681
5710990
5711110
5711913
5712121
5712435
5713289
5714181
5715019
5715388
5715456
5715955
5716321
5716505
5716656
5717129
5717750
5718091
5718506
5719552
5721238
5724386
5724405
5724493
5724547
5725157
5725614
5728667
5729073
5729633
5730126
5730347
5731273
5731295
5734555
5734659
5735774
5735803
5736771
5736904
5737311
5738174
5738176
5738232
5738840
5739246
5739634
5739768
5740600
5740925
5742540
5744080
5744280
5744544
5745731
5746666
5747748
5747810
5748018
5749097
5749196
5750274
5752033
5752304
5753289
5753332
5753848
5754774
5756122
5756582
5757037
5757120
5757172
5757516
5758349
5759460
5759609
5759892
5760341
5761797
5762196
5762891
5763604
5764119
5764513
5764896
5765785
5766165
5767641
5768678
5769689
5770350
5771492
5772762
5773409
5773482
5775243
5775350
5775413
5776588
5776659
5776990
5777017
5779934
5780891
5781244
5782621
5782623
5783468
5785006
5785128
5785133
5786820
5786948
5786959
5788265
5788446
5788651
5788903
5794927
5796296
5796548
5797059
5798254
5798758
5799590
5800143
5801055
5801478
5801515
5802436
5802518
5803096
5803935
5804904
5805098
5805706
5806159
5806687
5808120
5808485
5809122
5809782
5811183
5812100
5812555
5812833
5813900
5813931
5815599
5817141
5818692
5818946
5819123
5821628
5821916
5823171
5823411
5823607
5823999
5824235
5825262
5825776
5826165
5826601
5827134
5827276
5827709
5828572
5829655
5830497
5831447
5831884
5833867
5834185
5835883
5836225
5836318
5837526
5838022
5838235
5838686
5839499
5839557
5841451
5844030
5845041
5845400
5846270
5846733
5846803
5846893
5847482
5848006
5848229
5848341
5849205
5849250
5849984
5851087
5851354
5851499
5852104
5853636
5853665
5854752
5855388
5856387
5857726
5858599
5859446
5859574
5860146
5860454
5860469
5861385
5863076
5863596
5863780
5865501
5866932
5867976
5868464
5869371
5869779
5870868
5871362
5871978
5872499
5874500
5875200
5875794
5876556
5877818
5879282
5879705
5879730
5880265
5880964
5881623
5883030
5884128
5884138
5885027
5886070
5886135
5886319
5887261
5888396
5888809
5889485
5890639
5890762
5890891
5891042
5891726
5891825
5892362
5892694
5894856
5895327
5895871
5899079
5899120
5899439
5900769
5901994
5902237
5902698
5902960
5903975
5904191
5906920
5907672
5907835
5908380
5908731
5908961
5909041
5909316
5909799
5910345
5910701
5911180
5911811
5912512
5914568
5915591
5917059
5917621
5917741
5917876
5918681
5921246
5921626
5922037
5922269
5922386
5923328
5924724
5924729
5925392
5925494
5926152
5927005
5927626
5928109
5928159
5929020
5929197
5929251
5929953
5930549
5931698
5932163
5932997
5933023
5933223
5933874
5934230
5934359
5934990
5935369
5936905
5937232
5938836
5940553
5942013
5942823
5943260
5943563
5943691
5946236
5946535
5949312
5950049
5951021
5951388
5951414
5951681
5952131
5952211
5952515
5955362
5957221
5958045
5958701
5960737
5962868
5963056
5963505
5964482
5964490
5965699
5965733
5968093
5969095
5969693
5969877
5969955
5971117
5971419
5971959
5972370
5973111
5973576
5973871
5973937
5974199
5974646
5975850
5976541
5977376
5978061
5979437
5980399
5981551
5983553
5984129
5984531
5984636
5985048
5985847
5986213
5986220
5987180
5987482
5987495
5987807
5989108
5989312
5990545
5991906
5993934
5994141
5994284
5994391
5996659
5996783
5997500
5997748
5998375
5999703
5999937